14.5360803051
14.5514156875
14.5672183673
14.583369407
14.599402113
14.615352408
14.6314660156
14.6473100518
14.6633442671
14.6792631675
14.6953897556
14.7113726527
14.7274119999
14.7435883968
14.759484053
14.7756347908
14.7915388995
14.8074342539
14.8234464326
14.8395869067
14.8556491961
14.8715364
14.8875672947
14.9035764547
14.9195961802
14.9353378819
14.9513400989
14.9671950025
14.9834538103
14.9992830548
15.0152312367
15.0314532162
15.0473681923
15.0633139592
15.0792956489
15.095438538
15.11166414
15.1273545235
15.1436033696
15.1596025678
15.1754284917
15.1914005215
15.207406059
15.2234055591
15.239379702
15.2553444869
15.2715504672
15.2874763106
15.3033408741
15.3195797584
15.3354748109
15.3514652549
15.3673026499
15.3833884853
15.3995467699
15.4388414045
15.4509878146
15.4664493794
15.4824026932
15.498447474
15.5143229049
15.5302209761
15.5465178198
15.5622942367
15.5786176451
15.594490661
15.6106945282
15.626504151
15.6428423511
15.6585937127
15.6743876382
15.6905733932
15.7065107077
15.7224628139
15.7385238959
15.7544026473
15.770664172
15.7866881237
15.8023682436
15.818329406
15.8345027842
15.8503754982
15.8664435231
15.8824735123
15.8986164014
15.914400667
15.9304360898
15.9463697819
15.9624643716
15.9785100581
15.9944968796
16.0106995393
16.0266791159
16.0426218641
16.0584592591
16.0745212466
16.0906599096
16.1065507359
16.122566537
16.1386412032
16.1545510474
16.1704651178
16.1864163185
16.2023171065
16.2182281582
16.2343737642
16.2503943953
16.2664053666
16.2822765712
16.2983642178
16.314394207
16.3304371766
16.3463461152
16.3627265773
16.3784187721
16.3944149516
16.4106758725
16.426730917
16.442650723
16.4585056266
16.4745815002
16.4905414551
16.5065789911
16.5227390869
16.5386127065
16.554679524
16.5705718596
16.586514306
16.6025512382
16.6183370131
16.6344388477
16.6504184243
16.6664532434
16.6824180283
16.6984012273
16.7144949113
16.7304575831
16.7465111182
16.762379606
16.7785261176
16.7944598097
16.8108357438
16.8264243965
16.8426128683
16.858752135
16.8743854648
16.8905503905
16.9066027182
16.9225659937
16.9386195288
16.9546486123
16.9705189114
16.9864580371
17.0023715038
17.0183954555
17.0343584291
17.0504829041
17.0663918427
17.0824064364
17.0984551416
17.1143824943
17.1303774664
17.1466429154
17.16257057
17.1784287942
17.1947365053
17.210755627
17.2265383833
17.242541204
17.2584124086
17.2744116068
17.2905502698
17.3065953525
17.3228285013
17.3387721551
17.3545250261
17.3706036165
17.3865146682
17.4024353798
17.4185112535
17.4343528747
17.4504284465
17.4664213054
17.4824848023
17.4984396254
17.5145583648
17.5305708454
17.5703137594
17.5822953476
17.5984397461
17.6145231665
17.6306250011
17.6464454913
17.6629593808
17.6793129763
17.6947455614
17.7105240915
17.7265709854
17.742795078
17.7584872728
17.7746271432
17.7910257177
17.8066364071
17.822664585
17.838647784
17.8546500009
17.8704659631
17.8864020701
17.902446851
17.918554723
17.9343139332
17.9503336588
17.9666193332
17.9825050277
17.9984888304
18.0145405543
18.0305500162
18.0465129898
18.0625435827
18.0787552986
18.0945851468
18.110713848
18.1266572
18.1430273985
18.1585840528
18.1747121503
18.1906766333
18.2066749259
18.2225971468
18.2386781523
18.2549958251
18.2704567862
18.2865163587
18.3025225
18.3184444191
18.3347382441
18.3507006139
18.3665884215
18.3825912422
18.3986562485
18.4144752293
18.4306624936
18.4464875119
18.4625452732
18.4787871763
18.494759206
18.5109057176
18.5267874878
18.5428271368
18.5586114024
18.5747714982
18.5906831537
18.6065519434
18.6225303124
18.6387755361
18.6545063704
18.6705182472
18.6868633904
18.7025462271
18.718779074
18.7344652313
18.7505142384
18.7665110216
18.7827046252
18.7984073855
18.8145979703
18.8305793581
18.846619309
18.8625723209
18.87883294
18.8946051307
18.9106317993
18.9266868438
18.9427705661
18.9585539261
18.9749153703
18.9909000787
19.0067489448
19.0225588695
19.038830356
19.054601943
19.0706029524
19.0865263809
19.1025835385
19.1185238717
19.1344756761
19.1504000101
19.1664547528
19.1825179478
19.1983749645
19.2144478194
19.2308826184
19.2465672664
19.2627424558
19.2786670917
19.2945832752
19.3106881285
19.3266930623
19.3428326309
19.3586833082
19.3744681776
19.3909120328
19.4068556866
19.4228132266
19.4386871481
19.4546108784
19.4705566453
19.4865416556
19.5026899784
19.5186662344
19.5346213594
19.5505203362
19.5664763668
19.5826425
19.5984955924
19.6147480609
19.6305643249
19.6468095486
19.6627115441
19.678676329
19.6946284352
19.7106720086
19.7269770028
19.7427398355
19.7587728434
19.7746011823
19.7907193179
19.8068613014
19.8226866216
19.8387501185
19.8547287894
19.8705619583
19.8867048474
19.9025029991
19.9186144936
19.9346094656
19.9505600625
19.9665583551
19.98280056
19.9985280738
20.0147252998
20.0305977119
20.0467058858
20.0628164747
20.0787257152
20.0946678597
20.1106697747
20.1266200698
20.1429347239
20.1587026884
20.1746212869
20.1909232624
20.2069659302
20.2229047541
20.238645852
20.2545786385
20.2706089295
20.2867089528
20.3025701957
20.3186131653
20.3346633799
20.3505961664
20.3667529416
20.3824946433
20.3986157977
20.4146466924
20.4306790965
20.4467033501
20.4628691815
20.4787850631
20.4947214721
20.5107550837
20.5266585886
20.543410051
20.5588450511
20.5747138408
20.5909104631
20.6067300476
20.6228675031
20.6386188647
20.6545468212
20.6705357558
20.6868108647
20.7026219969
20.7186287419
20.7346934463
20.7506017812
20.7666362984
20.7824963338
20.7985924328
20.814594046
20.8309425097
20.8468774093
20.8627452934
20.8787991304
20.8948004417
20.9107939044
20.9267282002
20.9427787166
20.9586746747
20.9748752213
20.9911636126
21.0068657691
21.0227113147
21.0389009939
21.0545886606
21.0707704912
21.0867745194
21.1027109283
21.1185661337
21.1349070507
21.1507465588
21.1667149661
21.1825988494
21.1986934391
21.2147367106
21.2308639024
21.2467646904
21.2627478895
21.2787461821
21.2947882461
21.3109610205
21.3267978118
21.3428498376
21.358740362
21.3750015848
21.3908441117
21.406864139
21.4227356455
21.438724882
21.4544732249
21.4708153493
21.486790096
21.5026917896
21.5185017143
21.5346581877
21.550744325
21.5667290334
21.5827270241
21.5988219156
21.6146641406
21.6307161664
21.6468176991
21.6629095719
21.6788043226
21.6946951489
21.7108407548
21.7268254632
21.7428255671
21.7587517124
21.7747140823
21.7908379535
21.806676556
21.8225604392
21.8386960835
21.8546620758
21.8707026304
21.8868470289
21.9027013288
21.918611173
21.9349128466
21.9508320489
21.9666145032
21.9829083282
21.9986584823
22.0148312568
22.0309306764
22.0468993856
22.0628949613
22.0793813804
22.0946886888
22.110862067
22.1267097256
22.1428595578
22.1586984622
22.1748313896
22.1909531477
22.2067648836
22.2227846091
22.2387294705
22.2548071553
22.2706813787
22.286652201
22.3026921519
22.3185769407
22.3346289665
22.3509581105
22.3667680352
22.3829332628
22.398949064
22.4150258432
22.4308270136
22.4468832656
22.4628121278
22.4789281503
22.4949276504
22.5108634556
22.5268560126
22.5430505218
22.5588359949
22.5747177651
22.5908621636
22.606719784
22.6228092419
22.6388214206
22.6546506651
22.670786913
22.6867550185
22.7027188977
22.7188723524
22.7346575236
22.750903351
22.7667404441
22.7828377506
22.7987693296
22.8148910877
22.8308709662
22.8468007339
22.8628189501
22.8789313502
22.8948052716
22.9109590282
22.9267644248
22.9430679097
22.958876325
22.9750216291
22.9908825701
23.0067658496
23.0227837639
23.0387576049
23.0546919007
23.0706382714
23.0868973811
23.1026348566
23.1186080939
23.1347038911
23.1507299559
23.1666974576
23.1827609545
23.1988603741
23.2148574592
23.2309408796
23.2468775904
23.2629220694
23.2789967356
23.294875487
23.3108272914
23.3269354653
23.3429554926
23.3587986232
23.3748005383
23.3908887887
23.4067132032
23.4226665169
23.4389207967
23.4546748752
23.4706641116
23.4867152318
23.5027986522
23.5186798186
23.5347919168
23.5507497587
23.566887516
23.5828387166
23.5988028977
23.6147993791
23.6308631779
23.6469176186
23.6629476078
23.6789588809
23.695000643
23.7109775027
23.7267995023
23.743096346
23.7589606076
23.7749809368
23.7909900968
23.8071960771
23.8228281994
23.8389285246
23.8547420718
23.8711026104
23.8867522412
23.9028030595
23.9187602976
23.9347199506
23.9506542465
23.9668988664
23.9828950459
23.9988160593
24.0148291437
24.0308902256
24.046811239
24.0628994894
24.0788887259
24.0948794717
24.1108998009
24.1269355256
24.1430452089
24.1588934713
24.1747909388
24.1909449972
24.2068551433
24.2227698174
24.2388342199
24.2547033115
24.2708084667
24.2869187537
24.3030414174
24.3189186595
24.334971289
24.3510510869
24.3669868921
24.3828055711
24.3987688466
24.4148250986
24.4309604409
24.4469354894
24.4629416307
24.4788883033
24.4951235651
24.5109709219
24.5271711667
24.5432132307
24.5588079209
24.5750117881
24.5906897949
24.6066403918
24.6227213972
24.6391085005
24.654735491
24.6707289537
24.6868452781
24.7028387408
24.7190084965
24.7349880731
24.7507964884
24.7668141008
24.7830318541
24.7988668341
24.8148675417
24.8309980541
24.84687107
24.8629454343
24.8790098368
24.8951641971
24.9110372129
24.9272739842
24.9431811115
24.9588358742
24.9749576323
24.9909990926
25.0068286389
25.0228199885
25.0388907303
25.0547021644
25.0707110225
25.0869233421
25.1027260219
25.1188396295
25.1347066079
25.1511525762
25.1669163145
25.1829674347
25.1989974238
25.2148785902
25.2310776275
25.2470517704
25.2629323331
25.2789140227
25.2950264228
25.311016263
25.3270414222
25.3430834862
25.3591789815
25.3747754829
25.3909630491
25.4069682848
25.4228778271
25.4388972507
25.4547521543
25.47087029
25.4869721246
25.5027388816
25.518803586
25.5349093449
25.550878356
25.5669210237
25.5829582578
25.599018736
25.6149340139
25.6309603806
25.6472994863
25.6629886623
25.6789268825
25.6950727903
25.7109575792
25.7269902852
25.7432355088
25.7589005351
25.7749178456
25.7908433872
25.8070231047
25.8231527114
25.8390085206
25.8549974552
25.8709709944
25.8869870974
25.902842001
25.9188852725
25.9350514057
25.9509730229
25.9668635474
25.9830985074
25.9992272085
26.0149945693
26.0311087807
26.0471058658
26.0629290728
26.0790004184
26.0951813434
26.1111243935
26.1271601182
26.143186183
26.1591114226
26.17479758
26.1908477945
26.206876878
26.2230022586
26.2388592753
26.2548907738
26.2709467239
26.286946224
26.3028621056
26.318936168
26.3350174754
26.3509547899
26.3669862884
26.3831014053
26.3989529883
26.4151761753
26.431096585
26.447030579
26.4630922647
26.4790621813
26.4951957125
26.5111958163
26.5269945717
26.5433705058
26.5589760634
26.5748997937
26.5909231417
26.6069099632
26.6229408579
26.6391229904
26.6548978979
26.6712164764
26.6870656444
26.7030440135
26.7190069871
26.734889361
26.7510385895
26.7671404241
26.7832247501
26.7990213924
26.8148735792
26.8310040916
26.846864127
26.8631211236
26.8790747392
26.8950159781
26.9108802397
26.9269253224
26.9431711498
26.9589898287
26.9748764288
26.99100513
27.0069330865
27.0229663963
27.0390555522
27.0548543077
27.0709941781
27.0869888483
27.10295152
27.1188812878
27.1350573828
27.1509968104
27.1671532838
27.1831862916
27.1991848861
27.2149902828
27.2311645665
27.2470345637
27.2630841745
27.2792318936
27.2949147303
27.3110615438
27.3271576428
27.3433255873
27.3588734874
27.3749677752
27.3909660678
27.4068904019
27.4229240135
27.4391426724
27.455218546
27.4710061322
27.4870192165
27.5029538142
27.5191416823
27.5350134906
27.5510301974
27.5671060711
27.5832088113
27.5989831151
27.615072573
27.6312121415
27.6472430363
27.6630143214
27.679181964
27.6950353582
27.711155607
27.727152994
27.7431669839
27.7589443065
27.7750497635
27.7909366655
27.8072024164
27.8229869839
27.8391162888
27.8551658996
27.8710700083
27.8870049078
27.9030448587
27.9190066249
27.9352367549
27.9511052427
27.9672079829
27.9832497451
27.9992468302
28.0150202284
28.031232548
28.0472072947
28.0632484531
28.0791392794
28.0951976444
28.1111533731
28.1271592125
28.144164549
28.1591739101
28.1751341669
28.191128837
28.2070576991
28.2229971268
28.2390853772
28.2549526575
28.2711725239
28.2869395828
28.3030903206
28.3190572186
28.3351041125
28.3510725198
28.3674040788
28.3832816227
28.3992527469
28.4150182964
28.4312028439
28.4471151031
28.4631248668
28.4790642944
28.4950788881
28.5110786901
28.5271123017
28.5434015986
28.5590931896
28.5749803934
28.5913300647
28.6071810439
28.6230842469
28.6390668422
28.6549528386
28.6710284103
28.6870055719
36.3375368963
36.3534473442
36.3694812577
36.3855037
36.4014467501
36.4175129639
36.4337367546
36.4497163312
36.4655319915
36.4814110448
36.4975859323
36.5133194835
36.5293398127
36.5453918385
36.5616219685
36.5774164978
36.5934389401
36.6093762547
36.6253585481
36.6418135725
36.6574936924
36.6735547743
36.6896535902
36.7055628307
36.7215916123
36.7376780515
36.753686004
36.7695729059
36.7854685622
36.8016014896
36.8174428089
36.8335343799
36.8495474642
36.8655472662
36.881714305
36.8978635335
36.9134271309
36.9293629361
36.9453065899
36.96159317
36.9773448334
36.9938629491
37.0095678224
37.025500307
37.0416145183
37.0575059484
37.0736274046
37.0895568705
37.1055874634
37.1216455266
37.1375964254
37.1535977367
37.1694949023
37.1855433056
37.201412699
37.2177282587
37.2335716912
37.2496840913
37.2657343058
37.2815538904
37.2977348154
37.3134088978
37.3295360897
37.3453454106
37.3614786399
37.3775632678
37.39342602
37.4095782672
37.4253392887
37.4417577866
37.4575302792
37.4735672114
37.4896261802
37.5057844648
37.5216997427
37.5377511648
37.5703705112
37.5889283737
37.6025488232
37.6193510001
37.6353200111
37.6505941136
37.6665613135
37.6828358186
37.6986898166
37.7145866803
37.7305931235
37.7464782142
37.7624783181
37.7783398628
37.7946789685
37.810597567
37.8265834829
37.8424655549
37.8584255098
37.8744337642
37.8904402074
37.9065797759
37.9226293867
37.9386385467
37.9544539051
37.9704343873
37.9866684417
38.0026851485
38.0186849504
38.0346615083
38.0506099921
38.0666417924
38.0828296605
38.0986936202
38.1146973465
38.1305416846
38.1467908325
38.1625868711
38.1784725656
38.1949052515
38.2104419824
38.2264463124
38.2426218037
38.2584477276
38.274507602
38.2904687644
38.3065742215
38.3225531943
38.3387510241
38.3546644908
38.3706787826
38.3866345113
38.4025531098
38.4185749484
38.4348068897
38.4507834475
38.4665197155
38.4827374689
38.4987140267
38.5147111118
38.530694009
38.5466379647
38.5626293143
38.5784341072
38.5948489827
38.6105372531
38.6263870248
38.6427871086
38.6584841333
38.6744468051
38.6905637333
38.7065659502
38.7226303527
38.7387496959
38.7546975759
38.7706659832
38.7866579365
38.802771846
38.8188211549
38.8346027037
38.8506447677
38.8665721205
38.8827744783
38.8986378343
38.9144528908
38.9305323869
38.9464923418
38.9625244441
38.9784309677
38.9947459237
39.0108815679
39.026563499
39.0425195296
39.0584293738
39.0745242654
39.0905415759
39.1065803193
39.1226365713
39.1388021008
39.1549027279
39.1696545924
39.1856722048
39.2017175894
39.2176443384
39.2337543236
39.2495868886
39.2655211844
39.281512534
39.2977432678
39.3135761348
39.3294479431
39.3454619331
39.3615396179
39.3775611547
39.393562466
39.4096760736
39.4256991197
39.4416750738
39.4576443867
39.4736296989
39.4897330428
39.5059489849
39.521678008
39.537811841
39.5537995681
39.569975965
39.5855890693
39.6018152751
39.6176484439
39.6336397934
39.6497038941
39.6657018848
39.6815863718
39.697543308
39.7136058993
39.729514536
39.7454255877
39.7615346672
39.7775462422
39.7935870987
39.8098274924
39.8255399126
39.8416948766
39.8576871318
39.873688745
39.8897788066
39.9056690291
39.9218261062
39.9377724769
39.9538743115
39.9697141215
39.9858835753
40.0018272292
40.0177998627
40.0338008722
40.0497994667
40.0657663646
40.0816016465
40.0976304282
40.1136272114
40.1297042926
40.1456696812
40.1616565026
40.1774797097
40.1937614598
40.2096245139
40.2256107317
40.2417092457
40.257635391
40.2737562435
40.2897943831
40.3056939637
40.3218114956
40.3378043546
40.3536686162
40.3697825256
40.3857295
40.4017422825
40.417736047
40.4339006709
40.4496535419
40.4654894275
40.4817277081
40.4975883473
40.5135806025
40.5295915737
40.545684654
40.5617206806
40.5775746785
40.5936270062
40.6095504346
40.6254654106
40.6417839891
40.6578227325
40.6737310674
40.6896608351
40.7057216152
40.7219716687
40.7377559343
40.7536914377
40.7699345482
40.7856943622
40.8017364262
40.8177443787
40.8339117194
40.8498420909
40.8655656803
40.8816192155
40.897558945
40.9138409969
40.929581793
40.9456135934
40.9616254702
40.977642177
40.993778425
41.0097314369
41.0256452054
41.0418001694
41.0579792832
41.0738713169
41.0897612376
41.1056475359
41.1217608416
41.1378448657
41.1537513894
41.1698927691
41.185688204
41.2019524456
41.2178973069
41.2337866238
41.2499397766
41.2656307639
41.2817338059
41.2975962563
41.3139332489
41.329723552
41.3455826817
41.3616715359
41.3777012231
41.393616501
41.4096123787
41.4256227462
41.4418320471
41.4577171378
41.4739345892
41.489742099
41.5057056763
41.5217827575
41.5378867051
41.5537576079
41.5697097142
41.5857025731
41.6019487023
41.6177951535
41.6339570606
41.6497603441
41.6655198562
41.68186349
41.6975919094
41.713747779
41.729667585
41.7456175781
41.7616545103
41.7777288746
41.7935846838
41.8097082531
41.8257454872
41.8418763014
41.8577161114
41.873942619
41.889933063
41.9056560486
41.9218952348
41.9378243988
41.9538821602
41.9697880801
41.9856094759
42.0019709201
42.0177633362
42.0339798821
42.0496907929
42.0657241026
42.0816707751
42.0976527667
42.1137684874
42.1296873877
42.1457034908
42.1616347679
42.177641211
42.1937487812
42.2096601348
42.2256895202
42.2419148203
42.2579215653
42.273947932
42.2897614791
42.3057582624
42.3218184387
42.3378571821
42.3538340418
42.3696647957
42.3856485984
42.4017353395
42.4177007281
42.4336908701
42.4496523344
42.4656141005
42.4815502076
42.4977118128
42.5136826351
42.5296905876
42.5458147607
42.5616615137
42.5778403256
42.5936330436
42.6098040068
42.6257380008
42.6418555327
42.6579280857
42.6737851024
42.6899255766
42.7059133037
42.7218168086
42.737937963
42.7538408641
42.7697531233
42.7859032574
42.8018632123
42.8179161437
42.8337215403
42.8498031495
42.8656837122
42.8816961927
42.8977931974
42.9137954143
42.9297946126
42.9455906512
42.9616804109
42.9776403658
42.9938016691
43.0096601951
43.0256868637
43.0420694389
43.0578681944
43.0737852835
43.08977452
43.1059183147
43.1218511012
43.1378276591
43.153961492
43.1699368424
43.1858690251
43.2019971226
43.2178942882
43.2338572618
43.2497387301
43.265606916
43.2817015057
43.2977118732
43.313657942
43.3298319239
43.3456789788
43.3618158305
43.3778572908
43.3938634321
43.44705171
43.4679409273
43.4800363212
43.4956379544
43.5118460479
43.527812644
43.5438861026
43.5598780559
43.5759004983
43.5919389398
43.6078415391
43.6238781694
43.6399634011
43.6557796651
43.6719427796
43.6880536704
43.7038219368
43.7198501147
43.7358625953
43.7519451101
43.7677879388
43.7837198196
43.7997380358
43.8159720902
43.8315927413
43.8479312433
43.8638534642
43.8796926705
43.8956405505
43.9117973258
43.9277820342
43.9437739875
43.9597384705
43.9759088299
43.9919708175
44.007938621
44.0239474792
44.0400414651
44.0558381074
44.0719037174
44.0881776189
44.1039899585
44.1201301308
44.1358805868
44.1519631016
44.1678219295
44.1838431644
44.1998888509
44.2157509993
44.2319080765
44.2478139963
44.2639049636
44.2797496035
44.2957832151
44.3118784085
44.3277182185
44.3438294111
44.3597778949
44.3760496832
44.3919631499
51.5283463531
51.5446640259
51.5602279252
51.5763674937
51.5923416366
51.6083607584
51.624260339
51.6404959027
51.6563073367
51.6723611737
51.6882103418
51.7041678817
51.7202241337
51.7360068899
51.7521748344
51.768231992
51.7841101397
51.8000568122
51.8161363083
51.8324959413
51.8482011166
51.8642860463
51.8803724855
51.8962832353
51.9122543595
51.9282795187
51.9444710092
51.9601882592
51.9764561233
51.9922986501
52.0087594101
52.0242801417
52.0406117007
52.0564430582
52.0722212864
52.0881269044
52.1043093388
52.1203474784
52.1361335553
52.1521282254
52.1682330787
52.1842235227
52.200109519
52.2163945897
52.2323469979
52.248160545
52.2642681152
52.2802751621
52.2964944247
52.3121555267
52.3282649081
52.3443459135
52.3603433005
52.3763391782
52.392445239
52.4082352401
52.4243892985
52.4403241981
52.456533499
52.472584921
52.4883184722
52.5042609185
52.5202217791
52.5361898845
52.5521754985
52.568315369
52.5841497453
52.6002642585
52.6162018749
52.6324748707
52.6482814748
52.6642365998
52.6803592635
52.6962265438
52.7123615843
52.7282943708
52.7442630799
52.7603187282
52.776267212
52.7922277706
52.8082541373
52.8242910695
52.8404110164
52.8563087857
52.872303154
52.8881794905
52.9042291013
52.9201407567
52.9363105124
52.9522846553
52.968205065
52.9843705946
53.000211612
53.0162627322
53.0321457098
53.0481515492
53.0644016028
53.0803268425
53.0962424223
53.1123780665
53.1282390075
53.144430498
53.1604366393
53.1763612752
53.1926635526
53.208459893
53.2243310977
53.240450139
53.2563648131
53.2724252913
53.2883571721
53.304197284
53.3202825157
53.3364948353
53.3522178209
53.3681838133
53.3842575738
53.4002809218
53.416303666
53.4324402158
53.448199728
53.464290997
53.4804396217
53.4966507339
53.512377342
53.5283617485
53.544475658
53.5602985632
53.5764948836
53.5925176278
53.6085624086
53.6244804034
53.6407380038
53.656419633
53.6723829085
53.6882061156
53.7043251568
53.7202805837
53.7362363124
53.7523348264
53.7682787821
53.7842079461
53.8001799759
53.8164885926
53.8323893806
53.8484362746
53.8643956258
53.8803679574
53.8963771174
53.9123678632
53.9284805652
53.9445999084
53.9604771504
53.9764428409
53.9925676177
54.0084179932
54.0245222428
54.0404891408
54.0563183853
54.0722466436
54.0882600298
54.1042860946
54.1202258242
54.1364559542
54.152373949
54.1683637892
54.1843213291
54.2004521434
54.2161977694
54.2322606626
54.2482607664
54.2645458371
54.2803817228
54.2964201643
54.3126409363
54.3284487479
54.3445813734
54.3604365789
54.3766093533
54.3926936794
54.4083810441
54.4244059015
54.4404721152
54.4561673287
54.4723778371
54.4883163591
54.5042932188
54.5201523486
54.5369074335
54.552346056
54.5681958278
54.5842499666
54.6002467499
54.616163839
54.6325219627
54.6485513481
54.6645529613
54.6803637916
54.6964514382
54.7125414998
54.7283743667
54.7444710695
54.7603534434
54.7764791259
54.7924532688
54.8085022758
54.8245552072
54.8404901068
54.8563211625
54.8723885837
54.8884327608
54.9043918101
54.9204429303
54.9364674857
54.9523803486
54.9682277054
54.9844216109
55.0003824714
55.0162259038
55.0323038906
55.0483643688
55.0644867306
55.0804364219
55.0967097196
55.1125030414
55.1283730385
55.1446722972
55.1603804911
55.1764147065
55.1923595678
55.2085377759
55.2244687512
55.2405313424
55.2564982404
55.2723003164
55.2886110462
55.3042965998
55.3202695352
55.3362943925
55.3523455126
55.3683259948
55.3844918262
55.4004653654
55.4161922753
55.4324254241
55.4486555542
55.4643812567
55.4804987886
55.4964101422
55.5125086562
55.5284526119
55.5446830438
55.5605974161
55.5764713376
55.5924361224
55.6086511589
55.6244819128
55.6405713706
55.6564096712
55.6723786823
55.6882704142
55.7043215344
55.7203406561
55.7362438592
55.7522904513
55.7683485145
55.7845016672
55.8003783056
55.8163397698
55.8324911114
55.8484344634
55.8644475477
55.8806224352
55.8965087334
55.9124378975
55.9283975505
55.9446726594
55.9604403221
55.9764998946
55.9924794712
56.0085927769
56.0245799003
56.040585136
56.0563102347
56.0725237618
56.0883415352
56.1043612607
56.1203106501
56.13655527
56.1524258709
56.1684145036
56.1842715203
56.2003244517
56.2166837828
56.2326060037
56.2484772084
56.2646720195
56.2806941599
56.2964717844
56.3126451625
56.328500368
56.3446837079
56.3603919019
56.3764792466
56.3926230414
56.4084960573
56.4246223435
56.4406535401
56.4563526779
56.4724234197
56.4884998971
56.5044130619
56.5203962609
56.536249957
56.5524399381
56.5684527206
56.5843003792
56.6005024352
56.6164901623
56.6324283825
56.6475491341
56.6635748971
56.67954421
56.6957601521
56.7113732565
56.7275650488
56.7436155652
56.759352437
56.7754446117
56.7917327011
56.8075882084
56.823393605
56.8394531776
56.8553678518
56.8713220711
56.8873885867
56.9033666539
56.9194198872
56.9354704036
56.9514333772
56.9674310661
56.9834471691
56.9996169249
57.0155841247
57.0316144157
57.0475073551
57.0635575696
57.0795724652
57.095589172
57.1114881488
57.1276573008
57.1437947562
57.159620982
57.1758281698
57.1915185533
57.2073743625
57.2234807252
57.239527921
57.2553239596
57.2714088894
57.2874766125
57.303395211
57.319488895
57.335648689
57.3513423931
57.3674073994
57.3833761085
57.3995709196
57.4155900414
57.4316224455
57.4474604442
57.4634647743
57.4794709156
57.4954734344
57.5116253797
57.527516206
57.5437046777
57.5595810142
57.5755023295
57.5916660478
57.6074494078
57.6234196264
57.639509688
57.6555496389
57.6714709542
57.6874085706
57.7036015705
57.7195554879
57.7354544648
57.7518358325
57.7674582949
57.7834562857
57.7997226403
57.8156445594
57.8318040515
57.8476360128
57.8636684169
57.8795486777
57.8956707377
57.9116672191
57.927457824
57.9437329329
57.9595401408
57.975649824
57.9915922704
58.0075090577
58.0234059214
58.0395083597
58.0555923839
58.0714391369
58.0874211285
58.1035021339
58.1194581645
58.1355074734
58.1514266757
58.1674796071
58.1836321561
58.1996482591
58.2157902427
58.2315355668
58.2476087236
58.263558113
58.2796270436
58.2957596691
58.3118289016
58.3275120402
58.3436473825
58.3596254497
58.3755917439
58.3914744197
58.407487504
58.4235322849
58.4394487703
58.4554262337
58.4714266394
58.4875076449
58.5034416388
58.5196231676
58.5356211583
58.5514657982
58.5675099753
58.5836024519
58.5997000603
58.6155667369
58.6315698594
58.6477598406
58.6636636473
58.6795251921
58.6956581195
58.7116334698
58.7275629357
58.7437064286
58.7596678929
58.7756924483
58.7916285554
58.8075664736
58.8236625727
58.8395672851
58.8555227119
58.8716656011
58.8875694078
58.9035094392
58.919540334
58.9355241368
58.9514539045
58.9676472062
58.9836464044
58.9997355604
59.0155421645
59.0317224858
59.0478400177
59.0636381694
59.0796355564
59.0958611584
59.1116952328
59.1276135294
59.1439616913
59.1597637673
59.175597238
59.1915257983
59.2075204684
59.2235377789
59.2396827812
59.255697073
59.2717590605
59.287574117
59.303541015
59.3196377178
59.3354579061
59.3516288693
59.3674991683
59.3836598679
59.3997146105
59.4155876264
59.4315804853
59.4475220261
59.4635982016
59.4796064559
59.4956171253
59.5118176719
59.5278099271
59.5437439211
59.5597757214
59.5756091921
59.5916461243
59.6075333281
59.6234860381
59.6396923203
59.6555396771
59.6714914815
59.6875483372
59.7034696525
59.7195856751
59.7355208765
59.7515864865
59.7675953447
59.7837868351
59.7995291406
59.8156970851
59.8316715298
59.8476658981
59.8635645731
59.8798411914
59.8957833358
66.2248747685
66.2409038521
66.2568644107
66.2727848204
66.2888902775
66.3049462276
66.3209095031
66.3372063468
66.3529335587
66.3690755422
66.3849597273
66.4010926547
66.4169946502
66.433020715
66.4489864055
66.4649994898
66.4810394407
66.4971107863
66.5132742027
66.5290026221
66.5452152436
66.5608503846
66.5771369646
66.593131031
66.6090460071
66.6249643037
66.6410730813
66.6569974154
66.6728402441
66.6890051699
66.7051223999
66.7210355647
66.73713106
66.7531541061
66.7689945198
66.784996133
66.8011939628
66.8170899209
66.8331410411
66.8489394947
66.8650911381
66.8812071606
66.8970412351
66.9130636774
66.9290719318
66.9450137744
66.9609951622
66.9767869746
66.9931677386
67.0089480799
67.0252929212
67.0410633007
67.0569495989
67.0728383121
67.0889893518
67.1049858332
67.1211024595
67.1371801443
67.1531539853
67.1690514528
67.1851200815
67.2010124172
67.2170227847
67.2330754142
67.2490930266
67.2652310858
67.2810675752
67.297251217
67.3130502743
67.3290500763
67.3450227098
67.3608531618
67.3769767311
67.3930978855
67.4089268281
67.4249522892
67.4409490724
67.4571351292
67.4729559213
67.4890336062
67.5050826132
67.5210495112
67.5369771658
67.5532205782
67.5691539684
67.5851302244
67.6012553031
67.6171440163
67.6331272154
67.6489987219
67.6650691618
67.6810330411
67.696978808
67.7129499322
67.7289412817
67.7449981375
67.7607799881
67.7771474697
67.7931750439
67.8089336504
67.8249352636
67.8412067501
67.8569309432
67.8730744361
67.8891533285
67.9050513997
67.9210569372
67.9371083592
67.9533128302
67.9690506076
67.9850322972
68.0011465086
68.0170201282
68.0332212786
68.0490770878
68.0651810355
68.0811778187
68.097207506
68.11330119
68.1289918754
68.1452374009
68.1608809943
68.176956868
68.1931030777
68.2090180537
68.2249300111
68.2410967481
68.2570292326
68.2731032951
68.2891130588
68.3050775418
68.321043836
68.3370744289
68.3530648728
68.3700412296
68.385261599
68.401247213
68.4172823339
68.433265533
68.4492783154
68.4651302003
68.4815148886
68.497012678
68.5132159415
68.5290373373
68.5452215829
68.5609412479
68.5771466245
68.5930779016
68.6089264659
68.6249323053
68.6412185835
68.6570058678
68.6729754826
68.6891542945
68.7050919109
68.7211382011
68.7371872081
68.7532842128
68.7692426583
68.7851413333
68.8012827131
68.8171019958
68.8331232307
68.8492688366
68.8652574694
68.8811054299
68.8971339097
68.9132109908
68.929106647
68.9454170749
68.9611494186
68.9770665078
68.9932124156
69.0089378162
69.0250360284
69.0410056432
69.0569483914
69.0729433634
69.0893422398
69.1053858131
69.1210626124
69.1372833844
69.1532053035
69.1691628435
69.1850415949
69.2013613808
69.2171299491
69.2331128463
69.2492599616
69.2651948612
69.2811605517
69.2972460852
69.3129735989
69.3290866028
69.3450688962
69.3610047013
69.3770766506
69.3930891312
69.4090240308
69.4250543218
69.4410945746
69.4569618549
69.4733148467
69.4892041637
69.5052269079
69.5212463315
69.561011584
69.5733708137
69.5891973414
69.6051775217
69.6211263073
69.6372462542
69.6533091474
69.6692630649
69.6853162981
69.701297384
69.7171628531
69.733219407
69.7491123464
69.7651311663
69.7811207046
69.7971374114
69.8132809043
69.8292526322
69.8451368173
69.8609847778
69.8770878199
69.8932107855
69.9089908249
69.9250757547
69.9411060457
69.9570542276
69.973031993
69.9895066391
70.0052592081
70.0211337334
70.0371293091
70.05322571
70.0690935941
70.0851459217
70.1012625481
70.1172095225
70.1331851747
70.1492746326
70.1654389546
70.1812011836
70.1970953305
70.2132285597
70.2290647472
70.2452287674
70.2611473659
70.2770442296
70.2931517998
70.3091214146
70.325228381
70.3412296923
70.3570121467
70.3731239431
70.3893646386
70.4052047505
70.4210955768
70.4371799028
70.4532491353
70.4691873554
70.4851901761
70.5011887706
70.5174007884
70.5330135909
70.5493240188
70.5652051852
70.5811859692
70.5972020723
70.6130593908
70.6291413019
70.6451939314
70.6611919222
70.6772514947
70.6931166619
70.70924325
70.7257335934
70.7411873096
70.7570144409
70.7733752814
70.7892652021
70.8053151148
70.821192055
70.8372163086
70.8534207795
70.869313417
70.885167415
70.9012215539
70.9173040687
70.9333775273
70.949204055
70.9653723013
70.9813047859
70.9970745617
71.0131552653
71.0291758964
71.0452840703
71.0610758827
71.077093797
71.0932514778
71.1091945279
71.1250998441
71.1415261907
71.1572651755
71.1731994714
71.1891784442
71.205293863
71.2213422663
71.2372478843
71.2533258711
71.2692840147
71.2852131788
71.3011701149
71.3172390455
71.3332919769
71.3491888406
71.3652689405
71.3812089719
71.3972229618
71.4129797571
71.4290930628
71.4452845533
71.4610926668
71.4771015249
71.4932202643
71.509185351
71.5253200896
71.5413684929
71.557307015
71.5732947421
71.5892794504
71.6052738187
71.6212189819
71.6371218831
71.6532273402
71.6693557395
71.6853431647
71.7011772391
71.717266697
71.7334255853
71.7492771683
71.7653768898
71.7811548161
71.7970169646
71.8131610612
71.8292638014
71.8451259499
71.8610475671
71.8772188322
71.8932696505
71.9090810845
71.9253072903
71.9412853575
71.957187353
71.9731802119
71.9892748016
72.0052860747
72.0212744056
72.0373025835
72.0532323512
72.0693130548
72.0852485581
72.1012764341
72.117448303
72.1333324881
72.1491895048
72.1651361773
72.1811903162
72.1973428652
72.2130945287
72.2291202916
72.2451409227
72.2610951421
72.2770237024
72.2931493848
72.3092717467
72.3253002265
72.3411989014
72.3572720582
72.3733331401
72.3892924913
72.4053472339
72.4213156412
72.4373555921
72.4532877749
72.4692745964
72.4854072219
72.5012624273
72.5173081138
72.5333453478
72.5492992653
72.5654720397
72.5814211273
72.5973448576
72.6130935023
72.6291850733
72.6453321886
72.6611982615
72.6771618388
72.6932986905
72.7091391043
72.7250462316
72.7412039125
72.7574062704
72.7734513531
72.7892316944
72.805246288
72.8213867622
72.8373865642
72.8532659194
72.86932519
72.8852866543
72.9013848664
72.9172935032
72.9333090025
72.9493069932
72.965133219
72.9810729485
72.9970555438
73.0133635567
73.0292091023
73.0452535813
73.0611483319
73.0771523601
73.0931289179
73.1093608592
73.1251976505
73.141438346
73.1573539258
73.1732695056
73.1894709578
73.2056358836
73.2212755527
73.2372970894
73.2533741705
73.2692776754
73.2852113675
73.301360596
73.3175502752
73.3333227678
73.3492434794
73.3651231365
73.3811564462
73.3972534508
73.4132792138
73.429221962
73.4453337584
73.4612571868
73.4772687618
73.4931635124
73.5092587058
73.5252983549
73.5417240978
73.5572991663
73.5735637097
73.5895155141
73.6053018928
73.6214369333
73.637472658
73.6533680124
73.6693542301
73.6854581778
73.7013948886
73.7173180152
73.733393285
73.7492816964
73.7653074593
73.7811862107
73.7973692488
73.8135616449
73.8295297504
73.8453925026
73.8612356332
73.8772936964
73.8932768954
73.9092579813
73.9253779282
73.9414637636
73.9572857632
73.9733673724
73.9893391003
74.0053020739
74.0212813486
74.0373282426
74.0534032106
74.0696532642
74.0855299025
74.1013832967
74.1174368318
74.1323553295
74.1481598205
74.1642652776
74.1804241659
74.1963958938
74.2122538161
74.2283565563
74.2442999083
74.2601940552
74.2764281096
74.2923174265
74.3084850691
74.3243644243
74.3405800645
74.3564035734
74.3725449532
74.3884249121
74.4044802585
74.4203792353
74.4364092245
74.45253702
74.4683119276
74.4843998761
74.5004383177
74.5163641611
74.5321556716
74.5481886795
74.5642225929
74.5802752224
74.5963245314
74.6121589077
74.6282963631
74.6444371391
74.6603340029
74.6763790856
74.6924951082
74.7083448799
74.7247591517
74.7408685331
74.7563630019
74.7723875573
74.788423282
74.8045589263
74.8206598552
74.836436574
74.852570407
74.8684138395
74.8843472297
74.900428537
74.9162677433
74.9325289661
74.9482622154
74.9644736294
74.9802983458
74.9963482585
75.0123377968
75.0282793375
75.0445517296
75.0602898089
75.0762431226
75.0923473722
75.1083526078
75.124253094
75.1407675872
75.1563918608
75.1724321136
75.1885466268
75.2045147322
75.2205815497
75.2363504199
75.2526004735
75.2686820826
75.2845004598
75.3005370901
75.3165190816
75.3323114977
75.3482889612
75.3643391758
75.3805342887
75.396291084
75.4123074889
75.4284298508
75.4444142573
75.4603123285
75.4762743965
75.4923994752
75.5085115735
75.5245977107
75.5406726787
75.5564454732
75.5724754624
75.5884275686
75.60442405
75.6206327472
75.6363847125
75.6526072958
75.6688845178
75.6845072821
75.7003972027
75.7162469745
75.7324052591
75.7483452905
75.7644878777
75.7802881425
75.7963706573
75.8122980101
75.8283080757
75.8443649314
75.8603810345
75.8762730683
75.8924398053
75.9086488043
75.9245903451
75.9407217631
75.9564118447
75.9725885435
75.9884343909
76.0043988739
76.0206471163
76.0365026236
76.0524861245
76.0685212454
76.0846001378
76.1005030389
76.1162374957
76.1323345004
76.1484399574
76.1643422548
76.1803565467
76.1964574756
76.2123627918
76.22842327
76.2444049596
76.260500153
76.2764208646
76.2925202843
76.3083996394
76.32458147
76.3405094265
76.3563800274
76.3724894088
76.3885296616
76.4044138467
76.4204580238
76.4363877916
76.4524854
76.4683188707
76.484465986
76.5005937816
76.5163587274
76.5322984569
76.5483513883
76.5643720194
76.5803241256
76.5964449782
76.6125166256
76.6283621711
76.6445424924
76.6603705294
76.6763316918
76.692455563
76.7088888527
76.7245828586
76.740612244
76.7563943965
76.7724591009
76.788710362
76.8047503129
76.8208234697
76.8365911323
76.8524762231
76.8685167777
76.884555823
76.900404991
76.9162626114
76.9322850538
76.9484904304
76.964394539
76.9804344899
76.9965079486
77.0123978693
77.0283529942
77.0445671251
77.0606617148
77.0764828087
77.0924497067
77.1086408953
77.1245444002
77.1405777099
77.1565575884
77.1725966336
77.188475687
77.2045699748
77.2206862992
77.2365040726
77.2524905922
77.2686017848
77.284859687
77.3003888711
77.3165836821
77.3324757159
77.3484721973
77.3643874752
77.3803779192
77.3965443543
77.4124569154
77.4283498548
77.4446153038
77.460414663
77.4763631468
77.4924909423
77.5086836403
77.524989842
77.5406699619
77.5564644911
77.5725983241
77.588694725
77.604569854
77.6205678448
77.6365247809
77.6527144602
77.6685630245
77.684429701
77.7003962971
77.7163073488
77.7323605821
77.7485239985
77.7645253098
77.7805574121
77.7963419795
77.8125014716
77.8283832418
77.8444841708
77.8607647134
77.8764306453
77.8925025946
77.9088468321
77.9245987975
77.9406619925
77.9565048212
77.9725019063
77.9885886473
78.004511472
78.0206133066
78.036760422
78.0526539651
78.0685405652
78.0844845209
78.1004710405
78.1163793754
78.1323191049
78.1490533606
78.1644144022
78.180485144
78.1964016294
78.2124364485
78.2285259063
78.2445715928
78.2603975167
78.2765316515
78.2925857904
78.3085237087
78.3245624521
78.3405103322
78.3566858234
78.3725328784
78.3885465664
78.4045916491
78.4205464722
78.4365664996
78.4526351283
78.4686134974
78.4844674954
78.5004552225
78.516554944
78.5325091633
78.5487223886
78.5645226534
78.5806673537
78.5963580391
78.6123813871
78.6285372567
78.6448383266
78.6606594205
78.6767177856
78.6926397047
78.7086760331
78.7244159236
78.7407625761
78.7565915187
78.7726912402
78.7888123946
78.8046162819
78.8208841459
78.8365537003
78.8525012784
78.8685454555
78.8845434463
78.9005317771
78.9166339136
78.9324592337
78.9484638657
78.9644051045
78.9804598471
78.9965145898
79.0124304714
79.0284713279
79.0446619128
79.0605488148
79.0768459603
79.0928780626
79.1087565121
79.1246065858
79.1410124051
79.1565482303
79.17258637
79.1887265423
79.204611633
79.2206757337
79.2365707862
79.2525446272
79.2686214064
79.2844455191
79.3005651641
79.3166247367
79.3325040919
79.3484740085
79.3645233175
79.3805321756
79.3966279728
79.4124665753
79.4285844091
79.4446297936
79.4607461181
79.4765327987
79.4926204453
79.5085535336
79.5247909086
79.5409359108
79.5567404018
79.5725503265
79.5884966972
79.6046362658
79.6206840653
79.6366763205
79.6527262332
79.6685989472
79.6845788256
79.7005430068
79.716469152
79.7324315219
79.7485928252
79.7645914197
79.7806443511
79.7965499691
79.8126216165
79.8285595348
79.8446945753
79.8606180037
79.8766473891
79.8928068812
79.9085872225
79.9246096648
79.9406891609
79.956578176
79.972566205
79.9886813219
80.0047233859
80.0207005475
80.0365693372
80.0526364566
80.0686576914
80.0845998359
80.1006944256
80.1165888743
80.132572979
80.1484472023
80.1645614137
80.1808066373
80.1965830543
80.212505879
80.2285772245
80.2447400372
80.2607220287
80.2767260569
80.2927171046
80.3086837007
80.3246581454
80.3409184627
80.3565768478
80.3726928703
80.3888547774
80.4047606973
80.420711596
80.4368261092
80.4526520331
80.4686038375
80.4845462839
80.5004860134
80.5166995405
80.5326896826
80.5486058661
80.5646678536
80.5805997345
80.5967386993
80.6125003245
80.6287784522
80.644825648
80.6606880983
80.6766311484
80.692758944
80.7087074278
80.7247564348
80.7408860416
80.7568010177
80.7727784811
80.7887991123
80.8047805001
80.8208252809
80.8366276588
80.8526250458
80.8685910382
80.8844601297
80.9005169854
80.9165382203
80.9325636813
80.9485631814
80.9645705302
80.9807810386
81.02047354
81.0311193462
81.0466977353
81.062629918
81.0786919056
81.0947246115
81.1106595111
81.1267758355
81.1430376621
81.1587524972
81.1747589404
81.1908275691
81.2068056363
81.2227169899
81.2389033485
81.2548394556
81.2706702094
81.2866585403
81.3027356214
81.3186454656
81.3348366542
81.3506882372
81.3665700074
81.3826002984
81.3988391827
81.4146753702
81.4307210567
81.4466583712
81.4625875352
81.4786350329
81.4947773183
81.5106144115
81.5267944308
81.5430529368
81.5587146425
81.5748312688
81.5910789074
81.6068686067
81.622637175
81.6388851155
81.6549347263
81.6709378489
81.7104697546
81.7217784709
81.7378184218
81.7538816168
81.7696803722
81.7855953483
81.8016769575
81.8178313177
81.8337517275
81.849715003
81.8657658212
81.8816587606
81.8976981078
81.9135862173
81.9297523505
81.9458104137
81.9617087868
81.9777532658
81.9938689865
82.0097471342
82.0257384837
82.0421156253
82.0577842741
82.0737925284
82.0901853673
82.1057827744
82.1218203103
82.1378590537
82.1537794634
82.1696642523
82.1856239053
82.2017453616
82.2176980716
82.2336064064
82.2496813745
82.2657536256
82.2816577343
82.2975884076
82.3139664548
82.329695176
82.3457622954
82.3617264765
82.3778343485
82.3938419992
82.4097983316
82.425888997
82.4418664604
82.4578001525
82.473885686
82.4899247313
82.5057648432
82.5220592719
82.5379027043
82.5540202363
82.5697755222
82.585686272
82.6017123368
82.6177734188
82.6337967667
82.6498343026
82.6657459581
82.6818257561
82.6976743203
82.7136339734
82.7298927812
82.7457920599
82.7618537456
82.7778351334
82.7939614196
82.8099080922
82.8495163714
82.8607224513
82.8768457188
82.9022590868
82.9161174112
82.9297831414
82.9458430159
82.9622533633
82.9778933343
82.9938617416
83.0098238096
83.0259117581
83.0418762411
83.0578594401
83.0737816611
83.0899477943
83.105739003
83.1220778068
83.1381536804
83.1538132731
83.1696349707
83.1857826898
83.2019521437
83.217732485
83.2337766621
83.2497375226
83.2656947607
83.2816873177
83.2977390416
83.3137376361
83.3297652103
83.3459316454
83.3619287305
83.3778720825
83.3938595077
83.4097557677
83.4257809269
83.4419358909
83.4578759223
83.4738111237
83.4899697102
83.5057467309
83.5218706021
83.537821199
83.5537905119
83.5696813382
83.5857366846
83.6016999601
83.6178842057
83.6338188033
83.6498986013
83.6657145634
83.6816428218
83.6977349965
83.7138824137
83.7300059831
83.745888357
83.7618003143
83.7778683393
83.7939620233
83.8098824331
83.8257747687
83.8420710087
83.857855878
83.8741427599
83.8899617408
83.9057991358
83.9217862592
83.9378832638
83.9538045792
83.9697530629
83.9856822269
84.0017294228
84.0178378985
84.0337018583
84.0498845945
84.0658306633
84.081831069
84.0979368279
84.1138533133
84.1299252626
84.146027701
84.162916515
84.1779403659
84.1939274892
84.2101473556
84.2258537383
84.2420138342
84.2579194522
84.2739192542
84.2901394224
84.3060045897
84.3222464927
84.3381170936
84.3537869498
84.3699962508
84.385880134
84.4019101231
84.417936188
84.4339314618
84.4497715737
84.4657463203
84.4818547961
84.4981042459
84.513934396
84.5298493721
84.5459705265
84.5619673097
84.5780247692
84.5939705361
84.6098939646
84.6259121807
84.6421211797
84.6580011387
84.674014223
84.6899593862
84.7058740603
84.7219073701
84.7378374397
84.7537409446
84.7699903944
84.78588756
84.801819139
84.8176939661
84.8338075737
84.8497545481
84.8659638491
84.881846223
84.8977898768
84.913951482
84.9299147575
84.9461569624
84.9620837114
84.9780152904
84.9939142672
85.010088551
85.0259419452
85.0419764625
85.0579219275
85.0738966742
85.0899520205
85.1059005043
85.1218453656
85.1379493133
85.1539394554
85.1697871141
85.1857063163
85.2017154763
85.2177527104
85.233805038
85.2498649124
85.2656808746
85.2817772755
85.2978102833
85.3139498519
85.3298615073
85.3459470408
85.3619715963
85.377917967
85.3941616813
85.4099930388
85.4259816716
85.441999284
85.4579571258
85.4739605502
85.4900255565
85.5059529092
85.5218769414
85.537830557
85.5538572256
85.5698546126
85.5857345715
85.6018348967
85.6177894179
85.6338305763
85.6500398772
85.6658845172
85.6818064363
85.6979466086
85.714018256
85.7300594144
85.7461817762
85.7619793242
85.7779365623
85.7939961348
85.810167098
85.8259628348
85.8421117613
85.8579621368
85.8740026915
85.8899224975
85.9059295444
85.9218671608
85.9379478643
85.9538513693
85.9699202998
85.9858253141
86.001832361
86.0178632558
86.0337555914
86.0499057255
86.0657699871
86.0820583784
86.0979848255
86.1140655291
86.1299959006
86.1464131911
86.1620272011
86.1780128151
86.1941191777
86.210115961
86.2261595343
86.2420594168
86.2580229942
86.2740415122
86.2900117307
86.3060242113
86.3217970058
86.3378695588
86.3537661207
86.3698601066
86.3858270046
86.4017917895
86.417910227
86.4338855774
86.4498657577
86.4657387735
86.4820398434
86.4978796534
86.5140017134
86.5299429523
86.5460831246
86.56199478
86.5780754836
86.5944387391
86.610043391
86.6261394901
86.6421401977
86.6579380475
86.6741056901
86.6901719038
86.7058686267
86.7219454059
86.7379687539
86.7539217657
86.7698865506
86.7858262801
86.8019951302
86.8178464113
86.8339403973
86.8499184645
86.8658932111
86.8818821457
86.8979770372
86.9140686082
86.9300626746
86.9459067108
86.9619228138
86.977959746
86.9939598499
87.0100991165
87.0260832212
87.0421723772
87.0581905933
87.0740660242
87.0901418978
87.1058063203
87.1219289841
87.1380356486
87.1540523554
87.1699501248
87.1861582182
87.2022232244
87.2179311165
87.2338617899
87.2501073154
87.2658973165
87.281966549
87.2981565301
87.3140784492
87.3301343993
87.3459847748
87.3620120471
87.3780800721
87.3941197211
87.4100497907
87.4260945716
87.4421840294
87.4591935921
87.4750291759
87.4911186338
87.5318951563
87.55249669
87.5668938553
87.5813900345
87.5972056947
87.6130841443
87.6338236333
87.6505388711
87.6620918016
87.6780110038
87.6940672558
87.7103462891
87.7259645252
87.7421569213
87.7581443466
87.7741861087
87.7903540532
87.8059653463
87.8219503566
87.838062153
87.8538799263
87.869873389
87.8858620217
87.9019958547
87.9180013922
87.934347441
87.9499804689
87.965885785
87.9821370461
87.9981271882
88.0143069057
88.0300380419
88.0461462158
88.0621366597
88.0781751013
88.0941561872
88.1102743229
88.126316085
88.1423527153
88.1582323724
88.1741609326
88.1901697907
88.2059084737
88.2218862391
88.2380572023
88.2540887008
88.2699876776
88.2861260387
88.3019178511
88.3179617263
88.3339757162
88.3500038941
88.3660160729
88.3821858286
88.3981261618
88.4143710836
88.4300394305
88.4462478258
88.4620622785
88.4781656225
88.4941811218
88.5101250775
88.5260880511
88.5423432365
88.5581268984
88.5741233798
88.590110805
88.6060191399
88.6219090606
88.6381600198
88.6540611097
88.6699760857
88.686142219
88.7019790103
88.7180259042
88.7340302343
88.7501758402
88.7660053866
88.7822080463
88.7984442138
88.8142381393
88.8302095653
88.8463524545
88.8622586762
88.8781304846
88.8943319369
88.9102405736
88.9261015146
88.9421713508
88.9580987036
88.974236159
88.990179511
89.0059852095
89.0223055992
89.0380367354
89.0539390328
89.069982908
89.0861795303
89.1020283965
89.1180333303
89.1339754747
89.1502134535
89.1660650364
89.1822616587
89.1984012273
89.2142983929
89.2301243168
89.2461778519
89.2620203788
89.2784766107
89.2941310715
89.3102335098
89.3260811685
89.3421051202
89.3583104967
89.374262603
89.3900948662
89.4059506754
89.4221077525
89.4380966871
89.4541007153
89.4699984846
89.4859650807
89.5020322
89.5181699574
89.5340450863
89.5503310627
89.5660474071
89.5821205639
89.5983842017
89.6143538165
89.6301284222
89.6464645093
89.6621724013
89.6781121308
89.6944458029
89.7103710425
89.7261239135
89.7421430352
89.7581784581
89.7741676945
89.7900280318
89.8059372723
89.8221511013
89.8380346826
89.8542077589
89.8701236406
89.8861702327
89.9019955528
89.9178993596
89.93415696
89.9502784162
89.9660590594
89.9821122926
89.9984230224
90.0141804214
90.0303643651
90.0462156462
90.0621982415
90.078199251
90.0944761712
90.1101840632
90.1262234104
90.1422207974
90.158228448
90.1740172417
90.1900191568
90.2062369101
90.2220353637
90.2381900258
90.2540337601
90.270182083
90.2859932151
90.301934454
90.3180782488
90.3342612868
90.3502414671
90.3662578721
90.3823355569
90.3983151335
90.4142113935
90.4301390481
90.4465826014
90.4623448304
90.4781532458
90.4942801357
90.510218054
90.5260732594
90.5423749331
90.5583134551
90.5743081252
90.5900564681
90.6063554249
90.6221052771
90.6381253045
90.6540623172
90.6700781183
90.6860426013
90.7022069234
90.7180766187
90.73435535
90.7502543269
90.7662659018
90.7825023712
90.7983373512
90.8142864388
90.8302050373
90.8462250646
90.8623244843
90.8782844392
90.8942323192
90.9101916704
90.9262925994
90.9422057642
90.958118929
90.9743101176
90.9901366452
91.0059553242
91.0220082556
91.0381143164
91.0541165333
91.0701736909
91.0861342496
91.1022777425
91.1181697762
91.1342652715
91.1502249246
91.1662443482
91.1823220331
91.1983317968
91.214270017
91.230319024
91.2465663607
91.2623699461
91.2782788847
91.2943218544
91.3103147133
91.3264349621
91.3423517493
91.3580385104
91.3740724238
91.3901745603
91.4059195826
91.4223456274
91.4382726783
91.4541798056
91.4700144838
91.4860834144
91.5020949894
91.518180221
91.5341308179
91.5503941538
91.5662022673
91.5821854663
91.5984638958
91.6133102462
91.62931518
91.6453955817
91.6611858847
91.677213157
91.6932392218
91.7092378163
91.7253311985
91.7412060256
91.7570998706
91.77305409
91.7891024933
91.8052514199
91.8210713063
91.8370849944
91.853078457
91.869066486
91.8854997757
91.9012182333
91.9171416617
91.9332993426
91.9493359729
91.9653662639
92.0032264044
92.0155955958
92.0313288451
92.0472287276
92.063258113
92.0794073414
92.095408049
92.1113200063
92.1509590765
92.1631818602
92.1792746386
92.1954356401
92.2113325038
92.2274252822
92.243439574
92.259408887
92.2983660291
92.3105894165
92.3263181377
92.3422397549
92.3581997098
92.3743217698
92.3900936587
92.4063542778
92.4222161244
92.4383318451
92.4541556559
92.4702236809
92.4860680189
92.5021502319
92.5182058801
92.5344658954
92.5502435199
92.5664205205
92.5823557219
92.5983627688
92.6142439352
92.6303361099
92.6463392325
92.6623538262
92.6783349121
92.6943899566
92.7104277944
98.5665186288
98.5826600086
98.5988315755
98.6147257224
98.6306536789
98.6466764232
98.6626261144
98.6788553389
98.6944787069
98.7107248361
98.7263968055
98.7426378029
98.7584588969
98.7748903753
98.7906266433
98.8065328651
98.8226582457
98.8385919377
98.854546459
98.8707080641
98.8865164795
98.9027263841
98.9187406759
98.9346133899
98.9508519724
98.990600622
99.002763937
99.018709402
99.034699846
99.0512481488
99.0688448519
99.0836048669
99.0985912857
99.1146360665
99.1305984364
99.1467322694
99.1624944984
99.1785202613
99.1945665515
99.2104603966
99.2265211766
99.2426667826
99.2586028896
99.2744852635
99.2906589436
99.306453171
99.3224864807
99.3389451276
99.3545775517
99.3706830088
99.3865828912
99.4026116729
99.4187150168
99.434507433
99.450829332
99.4666271819
99.4826514354
99.4986657272
99.5147298279
99.5307036689
99.5467445254
99.562766364
99.5786674539
99.5944966984
99.6104418616
99.626636069
99.6427487709
99.6584663229
99.6747015848
99.690682067
99.7065608184
99.7225642428
99.7386491726
99.7546178818
99.7707640915
99.7866461635
99.8028974246
99.8186813883
99.8346929633
99.8506254479
99.8666608707
99.8827240658
99.8987685447
99.9148199668
99.9308593139
99.9467347448
99.9627345467
99.97856198
99.9947516592
100.010634033
100.026480182
100.042553641
100.058664834
100.074521247
100.090641194
100.106520851
100.122623591
100.138845872
100.154635571
100.170776951
100.186700983
100.20265158
100.21882194
100.23472635
100.250659137
100.266774556
100.282741454
100.298680881
100.314944217
100.330709465
100.346903974
100.362530059
100.378518692
100.394848439
100.410540332
100.426458327
100.442625064
100.458622149
100.47451539
100.49068424
100.506578689
100.522561284
100.538699344
100.554716352
100.570716758
100.586622678
100.602715155
100.6187542
100.634597028
100.650914399
100.666581841
100.682618169
100.698676232
100.714805235
100.730822546
100.746796387
100.762664573
100.778666488
100.794638216
100.81063349
100.826512241
100.842716108
100.858545051
100.874553607
100.890786756
100.906507327
100.922556636
100.938624057
100.954886185
100.970609473
100.986711006
101.002858121
101.01883649
101.034849272
101.05082583
101.066682545
101.08285864
101.098657999
101.114853716
101.130904232
101.146876262
101.162604983
101.178789531
101.194668282
101.210653293
101.226668792
101.242731081
101.258596852
101.274657632
101.290898328
101.306539506
101.322656133
101.33881653
101.354893913
101.371007823
101.386771259
101.402932864
101.418750336
101.434801154
101.450851972
101.466659784
101.482604645
101.498691386
101.514764543
101.530771892
101.54690814
101.562750667
101.578717867
101.594617447
101.610511292
101.626612221
101.642753299
101.658773628
101.674764374
101.690882812
101.706623004
101.722693142
101.738720414
101.754968355
101.770973892
101.786715594
101.802996137
101.818830211
101.834861408
101.850822872
101.866627967
101.882889491
101.898799939
101.914732424
101.930822486
101.946853984
101.962697417
101.978676993
101.99476313
102.010894548
102.026611195
102.042779139
102.058615025
102.074735877
102.090697342
102.106609299
102.122688493
102.138743538
102.154794356
102.170865702
102.187216882
102.202759349
102.218811978
102.234923171
102.250915426
102.290698187
102.302518274
102.317705437
102.333687731
102.349935671
102.365859401
102.381908409
102.39802111
102.4137124
102.429729408
102.445738266
102.461722673
102.477777114
102.49370024
102.509856412
102.525673883
102.541945973
102.557713032
102.573774114
102.589837309
102.605908655
102.621969133
102.637742229
102.653791538
102.669771719
102.686134672
102.701901429
102.717861082
102.733771228
102.749754427
102.765668196
102.781793577
102.797639726
102.813699902
102.829615482
102.845649094
102.861699912
102.877832235
102.893776795
102.909701129
102.925686743
102.941730316
102.957591559
102.97362185
102.989723081
103.005844235
103.021934599
103.037787389
103.05392726
103.069937325
103.085765966
103.101848179
103.117885413
103.133954344
103.149837019
103.165826256
103.182034048
103.197704809
103.213725139
103.229813389
103.24575976
103.261749902
103.277732497
103.293962929
103.309745685
103.325699301
103.342068292
103.357720941
103.373788966
103.389870877
103.405847133
103.421901876
103.437822889
103.453802466
103.469841209
108.686299494
108.702308956
108.718282797
108.7341537
108.749948229
108.766126135
108.781915533
108.798141135
108.814077544
108.830013953
108.846021603
108.862103816
108.878058639
108.893956107
108.910015981
108.92616038
108.942227197
108.958095383
108.974212311
108.990218151
109.006004831
109.02225579
109.038235367
109.054174493
109.070267875
109.086157192
109.101282773
109.116940253
109.133051144
109.149379684
109.165052861
109.180912896
109.197080841
109.213064643
109.228962715
109.245072096
109.261026617
109.277044833
109.293170818
109.309144357
109.325360601
109.341111962
109.357067691
109.373322876
109.389297925
109.405133811
109.421157159
109.437115906
109.453132613
109.469322292
109.485283153
109.501166432
109.517137556
109.533049514
109.549181837
109.565350084
109.580984319
109.597138075
109.613216364
109.628979499
109.645157103
109.661057287
109.677022072
109.69323892
109.709130048
109.725189319
109.741244967
109.757086588
109.773111747
109.789218412
109.805033469
109.82121379
109.837241666
109.853354971
109.869138935
109.885257977
109.901105635
109.917169434
109.932991735
109.949082401
109.965286872
109.981142681
109.996991849
110.013078892
110.029344039
110.045128908
110.061022753
110.077089873
110.093176312
110.10922713
110.12522663
110.141409064
110.15728359
110.173188302
110.189132862
110.205201188
110.221223933
110.237297391
110.253271534
110.270876086
110.30454504
110.316186419
110.332138827
110.348133497
110.363975722
110.380152119
110.396005212
110.412295414
110.428155449
110.444220154
110.460081095
110.476261416
110.492742401
110.508407126
110.524190788
110.540500914
110.556360647
110.572190194
110.588256709
110.604210325
110.620231862
110.636331583
110.652192222
110.66848816
110.684192128
110.700189817
110.716219202
110.732116066
110.748142131
110.764281699
110.780188827
110.796117991
110.812114472
110.828244381
110.844104718
110.860190252
110.876314727
110.892344716
110.908211694
110.924094974
110.940256277
110.956159178
110.972337084
110.988528575
111.004345141
111.020194611
111.036184149
111.052278437
111.068221185
111.084078504
111.100381083
111.116262853
111.13206674
111.148264872
111.164135171
111.180240326
111.196539585
111.233369135
111.245397514
111.261147366
111.277227768
111.293266813
111.309217108
111.325408598
111.341299727
111.381032679
111.393675064
111.409454198
111.425368268
111.441742391
111.458744105
111.474446564
111.490042461
111.50572077
111.521428964
111.537236474
111.553353402
111.569303093
111.585322819
111.601104669
111.616993684
111.633126913
111.649272821
111.665186892
111.681182166
111.697258945
111.713024494
111.729276057
111.745282199
111.761121103
111.77716045
111.793362506
111.809335743
111.825213891
111.841556921
111.857372581
111.873237145
111.889158158
111.905361724
111.921337074
111.937234542
111.953323396
111.969284256
111.985069729
112.001066814
112.017106765
112.033199846
112.049174592
112.065123378
112.08111352
112.09719694
112.113101049
112.129268994
112.14538562
112.161226336
112.177285606
112.193328274
112.2092674
112.225326972
112.241361188
112.257274352
112.27337498
112.289288748
112.305250212
112.321350839
112.337402262
112.353275881
112.369506615
112.385119417
112.401227289
112.417189961
112.433245609
112.449151831
112.465221064
112.481156265
112.497110183
112.513560679
112.52912971
112.545380669
112.561106372
112.577321408
112.593346869
112.609321314
112.625498918
112.641621582
112.657154087
112.67327343
112.68936802
112.7054611
112.72136219
112.737438063
112.75333704
112.76919285
112.785259365
112.801379614
112.817163879
112.833257564
112.849400151
112.865177171
112.881418471
112.897359106
112.913177785
112.929243999
112.945350965
112.961360729
112.97734906
112.993475648
113.009316363
113.025314656
113.041460262
113.057473648
113.073262442
113.089491968
113.105409963
113.121358749
113.137379983
113.153708524
113.169247066
113.185318411
113.201384021
113.217424576
113.23323933
113.249547645
113.265309874
113.281150892
113.297150694
113.313151703
113.329407492
113.345366542
113.361404983
113.377392107
113.393699214
113.4093416
113.42538306
113.441438105
113.457510658
113.473289188
113.489646104
113.505681527
113.52128648
113.537586343
113.55351279
113.569464594
113.585227729
113.601324432
113.617259633
113.633197551
113.649631747
113.665484235
113.681317102
113.697345582
113.71322856
113.729245568
113.745391174
113.761622814
113.777460209
113.793489292
113.809348724
113.825827294
113.841459719
113.857246399
113.873255559
113.889483576
113.905402175
113.921449672
113.93737944
113.953489425
113.969253465
113.985168441
114.001346348
114.017347659
114.033217354
114.049281153
114.065228429
114.081486935
114.097314067
114.113389035
114.129470644
114.145906047
114.161364895
114.177424165
114.193457777
114.209471163
114.225263277
114.241363904
114.25743525
114.273259966
114.289343689
114.305335944
114.321503285
114.337459013
114.353375197
114.369218327
114.385255863
114.401487201
114.417320973
114.433336171
114.449297635
114.465271778
114.481318068
114.497240289
114.51341729
114.52955233
114.546097916
114.561454732
114.57769905
114.593597725
114.609394971
114.625535143
114.641598942
114.65751271
114.673539379
114.689438959
114.705597244
114.721516144
114.737479118
114.753386849
114.769290958
114.785240951
114.801413122
114.817394811
114.833318843
114.849493731
114.889095067
114.900759388
114.916316948
114.932456517
114.948304779
114.964301563
114.980552522
114.996370597
115.012389719
115.028377748
115.04471474
115.060645414
