28.7030020533
28.7190018553
28.7350339575
28.751053683
28.7672835112
28.7832573522
28.7993256791
28.8150399105
28.8313138119
28.8472179206
28.8632074589
28.8791526221
28.8954404096
28.9112497306
28.9271290858
28.9431593768
28.9589997905
28.9748607315
28.9911174263
29.0071211526
29.0231475192
29.0389927629
29.054959359
29.071060288
29.0870625049
29.1030194411
29.1192658723
29.1351023617
29.1512304591
29.167202187
29.1832741363
29.1993089554
29.2150536758
29.2314335342
29.2471812733
29.2632459777
29.2791331816
29.2952428648
29.3111352005
29.3271923581
29.3434683726
29.3591723403
29.3750408281
29.3912344317
29.407061865
29.4230610632
29.4391915756
29.4550935712
29.4710991087
29.4871478139
29.5031074669
29.5192859769
29.5351994436
29.5512134335
29.5671190515
29.5834131784
29.5991947271
29.6150906853
29.6312293482
29.6472702047
29.6632126511
29.6793190137
29.6954356401
29.7113475974
29.7271418247
29.7431232125
29.7592063311
29.7750398018
29.7910278308
29.8071145718
29.823285535
29.8390045963
29.8550813755
29.8710186901
29.8870544148
29.9031305903
29.9191219399
29.9351534383
29.951224482
29.9671705508
29.9832817435
29.9991121954
30.0151062618
30.0310976114
30.047199446
30.0630999322
30.0793976815
30.0952402083
30.111346571
30.1272063045
30.1432329731
30.159047124
30.1751462417
30.191105291
30.2070338513
30.2233877487
30.2390379833
30.2552859238
30.2714070782
30.2871388181
30.3032548407
30.3193273937
30.3351584494
30.3515968709
30.3673017443
30.3835560241
30.3992515394
30.4153259037
30.4314177765
30.4473523742
30.4633050842
30.4789673936
30.495302575
30.5112887928
30.5271895808
30.5433400168
30.5591348479
30.5752436255
30.5911036609
30.6073561295
30.6232689924
30.6391595168
30.6552571252
30.6713592617
30.68718428
30.7031104253
30.7193541395
30.7351924402
30.7513603847
30.7676469647
30.7836039009
30.7992813039
30.8152155998
30.8312437777
30.8475083211
30.8634909164
30.8792274863
30.8952158171
30.9112835402
30.9271547448
30.9433993647
30.9827761084
30.9950218344
31.010201451
31.0260325067
31.0421956213
31.0582087056
31.0741001357
31.0903163796
31.1060309129
31.1223745467
31.1385995449
31.1541821602
31.1702148662
31.1861733118
31.2023306907
31.2181671802
31.2342750522
31.250562236
31.266298504
31.2821908396
31.298314409
31.3142710433
31.3302693359
31.3461891419
31.3623585958
31.3785029943
31.394084704
31.4102982311
31.4261307962
31.4422914957
31.4580298768
31.4741051467
31.4901185329
31.506120448
31.5223228059
31.5383298528
31.5541944162
31.5701927088
31.610066937
31.6222909282
31.6381177577
31.6543273605
31.6702544114
31.6862300636
31.7024958145
31.71823812
31.7343846316
31.7502174985
31.7662656
31.782317022
31.798311994
31.814222442
31.8303088811
31.8463304179
31.8623317292
31.8781821047
31.8942691476
31.9101083538
31.9261102689
31.9423687749
31.9581137972
31.9741129954
31.9902504508
32.006195614
32.0221664363
32.0382504605
32.0541826432
32.0703010808
32.0862468477
32.1024132828
32.118471346
32.1342821763
32.1502623567
32.1663110618
32.1822628662
32.1983834169
32.2142760544
32.230417736
32.2463650123
32.262363305
32.2783232599
32.2942068413
32.3101335903
32.3263673428
32.3422946956
32.3583258922
32.3741246476
32.390182409
32.4061275722
32.4223884931
32.4382201526
32.4542492361
32.4701919843
32.4863300435
32.502300564
32.5183836825
32.534480989
32.550426756
32.5663800697
32.5823164786
32.5983208087
32.6145207516
32.6304468968
32.6463057248
32.6626031722
32.6782727266
32.6944110876
32.7104166252
32.7262636801
32.7421496764
32.758402145
32.7741743357
32.7902351158
32.8062925752
32.8224970462
32.8383694583
32.8542282862
32.8702615959
32.8862173247
32.9025205077
32.9183367717
32.9343715907
32.9504362951
32.9663331589
32.9823528844
32.9984676994
33.0145493086
33.0303048964
33.0463376024
33.0622806525
33.0782466448
33.0943418383
33.1101381787
33.1264688321
33.1425281027
33.1584294946
33.174543404
33.1903050292
33.2062686066
33.222215581
33.2382724368
33.2542800874
33.2702838137
33.286313501
33.3024268067
33.3183423865
33.3344722951
33.350408704
33.3661959884
33.3825927516
33.3984041856
33.4146346176
33.4303488489
33.4464168739
33.4623249069
33.4783805551
33.4941630095
33.5105102657
33.5261285019
33.5424676077
33.5582645519
33.5744856258
33.5903338882
33.6063086348
33.6223528119
33.6383302754
33.6545338407
33.6706118275
33.6864274877
33.7024127998
33.7183597743
33.734607111
33.7503639063
33.7664563829
33.7823930937
33.7983947069
33.8145083145
33.8304377803
33.8465592366
33.8624340637
33.8782823261
33.8946362235
33.9103682653
33.926215924
33.9425498979
33.958274091
33.9743324561
33.9902540733
34.0062101039
34.0223919345
34.0384669025
34.0544011983
34.0704559409
34.0864270651
34.1026227818
34.1183838033
34.134562917
34.1503381265
34.1664369423
34.182442178
34.1984021329
34.2143285801
34.2305735018
34.2465253062
34.2622543293
34.2781750409
34.2942937803
34.310273055
34.3263075722
34.3424148405
34.3581686171
34.3743416934
34.3903523627
34.4062797155
34.4223921156
34.4383381844
34.4545112607
34.470392729
34.4864752438
34.5024880263
34.5185101667
34.5347934262
34.5503648723
34.5665343261
34.5825549572
34.5985429862
34.6143468735
34.6303463736
34.6464889609
34.6623393364
34.6784167193
34.6943661087
34.7104540572
34.7262570389
34.7422812925
34.7582687177
34.7744079844
34.790293377
34.8062838209
34.8222917735
34.8383742883
34.8544706892
34.8703497425
34.8864835755
34.9025108478
34.9186579631
34.9344998862
34.9504408232
34.966412853
34.9825050277
34.9984021933
35.0144306731
35.0304027028
35.0464360126
35.0623700065
35.0782713983
35.0942548992
35.1102625499
35.1262952558
35.1424496161
35.1583208208
35.174296473
35.1907315739
35.2062954732
35.2223625925
35.2384686533
35.2543857425
35.2705449327
35.2865033782
35.3023869596
35.318437476
35.3344741064
35.3504887
35.3664205809
35.3824134398
35.3984545982
35.4142992381
35.430383866
35.4465010961
35.4624055066
35.4782733907
35.494253571
35.5105682251
35.5264107519
35.5425454906
35.5583197944
35.5743684996
35.5902774382
35.6064927765
35.6223510007
35.6386064879
35.6544544485
35.6705683579
35.6864513356
35.7024927958
35.7183736604
35.7345672639
35.7505930269
35.7664156302
35.7823927918
35.7984565906
35.8145623495
35.8303662367
35.8465091259
35.8623054664
35.8784821651
35.8944074048
35.9102855525
35.9265881317
35.9424264324
35.9584060089
35.9745953863
35.9947667528
36.0361455094
36.0670837326
36.0864328007
36.0982577175
36.1134853318
36.1294618896
36.145646437
36.1614153072
36.1774594843
36.1934236654
36.2094551639
36.2252832009
36.2415118216
36.2573981198
36.2734546737
36.2894251941
36.3055055958
36.3215579234
44.408092153
44.4240738426
44.4400842101
44.455867872
44.4719651785
44.488055542
44.5038666742
44.5198136486
44.5363055014
44.5521371608
44.5678927486
44.5837802543
44.5998887301
44.615764161
44.6319130875
44.6479264737
44.6638462797
44.6799381525
44.695983839
44.7117928581
44.7278729579
44.7439609064
44.7598236586
44.775991905
44.7918836369
44.8079791322
44.8239058812
44.8399995653
44.8558520539
44.8721256535
44.8879370875
44.904086316
44.9199243147
44.9359434365
44.9519504834
44.9677595025
44.9837813411
44.9998741195
45.0156849498
45.0318393101
45.0479456728
45.0640698459
45.079725816
45.0958140664
45.1118691109
45.1277638615
45.14413406
45.1599850392
45.1759392586
45.1920365651
45.2081806617
45.2239353439
45.2399556732
45.2558878559
45.2721659835
45.2879424005
45.3038646214
45.3200878084
45.3359273165
45.3520222081
45.3678620181
45.3840251326
45.3997429865
45.4157147144
45.4319970682
45.4480252461
45.4638001537
45.479841614
45.4959935593
45.5118225019
45.5280728573
45.5441230719
45.560275319
45.5761253927
45.5922746211
45.6080543586
45.6239554486
45.6400554719
45.6559206391
45.672024285
45.6880542741
45.704082452
45.7199476192
45.7359948151
45.7518578692
45.7678788021
45.7839009426
45.8000516804
45.8159524685
45.8319151403
45.8479067917
45.8638151265
45.8798629261
45.8958986508
45.9119084146
45.927841201
45.9439895238
45.9601622983
45.9758626436
45.9921724677
46.0079537146
46.0241328284
46.0401670437
46.0561798262
46.0720573701
46.0880505309
46.1041418
46.1200878688
46.1360454087
46.1521176599
46.1679405651
46.1838621823
46.199810968
46.2161044911
46.2319814313
46.247934745
46.2638228545
46.2800647575
46.2959003413
46.311867843
46.3279162463
46.3443601015
46.3599629422
46.3761239437
46.3921373299
46.4080824931
46.4240418442
46.4401068505
46.4561845354
46.4722042609
46.4882448155
46.504118737
46.5200186194
46.5359459722
46.5520103747
46.5679280676
46.5838354968
46.5998522036
46.6160473166
46.6319272755
46.647958774
46.6638169982
46.6799306057
46.6958824101
46.7118858346
46.7282016962
46.7440520717
46.7599649346
46.7761090312
46.7921553214
46.8083172285
46.8241513029
46.8400840894
46.8561346058
46.8719031741
46.8879748215
46.9039438326
46.9200616663
46.9360759582
46.9519510871
46.9679010803
46.9839446536
46.9998810626
47.0158355838
47.0318190847
47.0481117022
47.0640595822
47.0799156933
47.0958053121
47.1119222403
47.1279066468
47.1444555533
47.1602026887
47.1760702709
47.1921727092
47.2080701767
47.2241140519
47.2401044959
47.2560412067
47.272134287
47.2881443526
47.3041151749
47.3200220004
47.3359885965
47.3519385896
47.3679480515
47.383920685
47.3998344536
47.4159015729
47.4320556313
47.4479633624
47.4640307837
47.4799101388
47.4959923518
47.5122556877
47.5280481039
47.5442679703
47.5600960073
47.5761628247
47.5922202842
47.6081126199
47.6239880507
47.6400886778
47.6561081015
47.6723768711
47.6880479348
47.7041781453
47.7204055585
47.7360367752
47.7520857823
47.7680843768
47.7840102202
47.8000749245
47.8159431105
47.8320509825
47.8478678502
47.8640016832
47.8801116684
47.8959185743
47.9120336913
47.9280863208
47.944295018
47.9602314269
47.9760316917
47.9922271065
48.0079848074
48.0240615866
48.0402814531
48.0561363566
48.0720516345
48.0882041836
48.1041725909
48.1200664359
48.1358467772
48.1520346452
48.1679481119
48.1840306267
48.2000418998
48.2159091801
48.2321308577
48.2479570835
48.2639433013
48.280009515
48.2959676587
48.3120827756
48.3282972084
48.3441804879
48.3601618757
48.3760750405
48.3922088735
48.4080471741
48.4240801819
48.4402662387
48.4560655979
48.4721444903
48.48806007
48.5041715645
48.52013484
48.5360175158
48.5518941541
48.5679603679
48.5839707354
48.5999518213
48.6160337323
48.6321032667
48.6481063892
48.6641339634
48.6799351338
48.6959687454
48.7120808436
48.7282315815
48.744039393
48.7602218274
48.776081259
48.7922069415
48.8080917303
48.8244115163
48.8401435581
48.8560654772
48.8722436853
48.8882075645
48.904149709
48.9201374361
48.935942229
48.9521210409
48.9678766287
48.9841330216
49.0000763735
49.0160574595
49.0321046553
49.0481962262
49.0640058491
49.0799455786
49.0960866565
49.1123925563
49.1281593134
49.1444905704
49.1602854015
49.1761786428
49.1921081087
49.2082588465
49.2244524501
49.2403185229
49.2560952417
49.2722972977
49.2882397441
49.3040228022
49.3198617066
49.3360541026
49.3520916386
49.3679504665
49.3840676965
49.4000952707
49.415995455
49.432122345
49.4481013178
49.4640974973
49.4800686215
49.4960210296
49.5122140294
49.5282379811
49.5443319671
49.5600223506
49.5760384536
49.5920367462
49.6082741212
49.624246151
49.6401119219
49.6561458354
49.6721154502
49.6881427225
49.7042370103
49.7200460294
49.7360023618
49.7521684951
49.7680738112
49.7840533878
49.8000045884
49.816057218
49.8320772453
49.8480990839
49.8640617557
49.8800920467
49.8960646802
49.9248967448
49.9474658779
49.9599352908
49.9752039596
49.9912903987
50.0072962381
50.0231451043
50.0392855784
50.0551567831
50.0710666273
50.0872889087
50.1030964184
50.1190639201
50.1351929232
50.1510897869
50.1671484538
50.1829976219
50.1991519821
50.2151759338
50.2310667601
50.247062034
50.263165378
50.2790691848
50.2952196207
50.3112556473
50.3272820139
50.3434218844
50.3591170978
50.37521531
50.3915109462
50.4072164233
50.4391330125
50.4585119659
50.47211219
50.4881255762
50.5042959357
50.5199365104
50.5360929837
50.552226213
50.5682302411
50.5840299022
50.6001549809
50.6160947104
50.6320902862
50.6482549101
50.664377272
50.6801835742
50.696110927
50.7121714051
50.7282729379
50.7444728808
50.7601699054
50.7761540101
50.7923346332
50.8082456849
50.8243861591
50.8402953995
50.8561892446
50.8721697267
50.8885151718
50.904351963
50.9200888348
50.9360358092
50.9524715139
50.9682156306
50.9840723454
51.0001144094
51.0160683268
51.0321568791
51.0480148014
51.0641462194
51.0802012639
51.0960893733
51.1122621478
51.128235385
51.1445560766
51.1602165748
51.1763818025
51.192286213
51.2082848075
51.224186803
51.2402608654
51.256179162
51.2722686199
51.2883897743
51.3044143297
51.3201294667
51.3361630783
51.352257668
51.3680869125
51.3841187128
51.4000847052
51.4161971053
51.4321790968
51.4480850167
51.4640694232
51.48014258
51.4964098403
51.5122958366
59.9116213346
59.9278037689
59.9438126271
59.9596047413
59.9755734505
59.991534311
60.0074876248
60.0235170102
60.039623071
60.0555637061
60.071657692
60.087434109
60.1036397874
60.1195701589
60.1356511643
60.1517264342
60.1676776349
60.1838618804
60.1997188971
60.2156498723
60.2318105719
60.2476561175
60.2637615745
60.27984258
60.2957593672
60.3116245344
60.3277622918
60.34398246
60.3597096719
60.3754586185
60.3915924515
60.4076746645
60.4234374972
60.4396685328
60.4555463787
60.4716651181
60.4875610762
60.5035500108
60.5195649063
60.5355837262
60.551694617
60.5679618772
60.583891645
60.5997637552
60.6157554067
60.6318738442
60.6476970513
60.6637315685
60.6799357376
60.6958492042
60.7116959573
60.7277253427
60.7440309406
60.7597352103
60.7756628649
60.7916382153
60.8075809635
60.8235578232
60.8396385268
60.8556380269
60.8716689216
60.887637329
60.9037578796
60.9197021372
60.9356249619
60.9516184246
60.9678244049
60.9838251125
60.9998490642
61.0156505365
61.031879459
61.04768395
61.0637486544
61.0799018072
61.0956528669
61.111807529
61.1276645457
61.1454876525
61.1598588569
61.1756923276
61.1918285755
61.2076831772
61.2236407172
61.2398919782
61.2556856019
61.2716289538
61.2876335858
61.3036671974
61.3197554477
61.3356634807
61.3517097709
61.367714101
61.3837887671
61.3996877439
61.4159290433
61.4318956393
61.4478580092
61.4636048427
61.4801736728
61.4957433077
61.511888008
61.5277966448
61.5440584713
61.5597530811
61.5755095745
61.5915531478
61.6075275926
61.6236502563
61.6396772267
61.6557063103
61.6717130553
61.6876277294
61.7036323614
61.7196883115
61.735675133
61.7516154662
61.7678706516
61.7838306065
61.7996897363
61.8159304319
61.8317442809
61.8477338192
61.863823579
61.8798306258
61.8957184334
61.911855587
61.92776362
61.9438844725
61.9596373435
61.9755643944
61.991732037
62.0077967414
62.0236573805
62.0397326504
62.0557626395
62.0715994308
62.0876490416
62.1037237077
62.1198457677
62.1357664793
62.1516902096
62.1678635878
62.1838694272
62.1998586637
62.2158593713
62.2317975914
62.2477783755
62.2637147844
62.279863711
62.2958985301
62.3117679235
62.3278208549
62.3438242793
62.3596988045
62.3756584576
62.391718332
62.407842807
62.4236669196
62.4397784141
62.4556825228
62.4716089699
62.4880208267
62.5036115926
62.5197469349
62.5357406995
62.5516843533
62.5677940366
62.5839191153
62.5997251157
62.6157861976
62.6318228279
62.647796367
62.6639193326
62.6800293178
62.6957749438
62.7117705196
62.7278367333
62.7439446053
62.759724041
62.7756082261
62.7917994147
62.8078004242
62.823690043
62.8397112779
62.855628367
62.8717661243
62.8876832135
62.9039477569
62.9197842463
62.9358244991
62.9519030895
62.9679249281
62.9841118905
62.9997669551
63.0159985945
63.031816066
63.0478373008
63.0639267587
63.0798734312
63.0958146701
63.1117830774
63.1279987176
63.143875356
63.1597094304
63.1759483147
63.1918711394
63.2081064013
63.223801011
63.2396894224
63.2556213032
63.2717563437
63.2877793898
63.3038178313
63.3199250996
63.3357917762
63.3525501816
63.368207963
63.3837398639
63.4000735359
63.4160476788
63.4319164685
63.447813936
63.4638067949
63.4799204025
63.4958833761
63.5121400709
63.5279258458
63.5441242794
63.5598318696
63.5757480531
63.5917110267
63.6078499915
63.6238615665
63.6399184222
63.655732875
63.6725800307
63.6877025936
63.7037048106
63.7197830992
63.7357629776
63.7518180221
63.767862803
63.7839069801
63.7999010465
63.8161006875
63.8317865429
63.8477033302
63.8639304415
63.8797424793
63.895757073
63.9118519646
63.9280108529
63.9439840902
63.9597013402
63.9756679363
63.9920399461
64.0078151555
64.0236709647
64.0397504608
64.055752074
64.0718620591
64.0878881239
64.1039353198
64.1198650875
64.1358440603
64.151823335
64.1680048638
64.1839705542
64.1998197222
64.2158913697
64.2319639227
64.2479745921
64.2639873745
64.2800098169
64.2961001803
64.311858485
64.3279835637
64.3438209587
64.3596169973
64.3757230581
64.3918267039
64.4078754091
64.4238691737
64.4398215818
64.4558084033
64.4718607309
64.4877877818
64.5039243316
64.5200252606
64.5365977131
64.5520441844
64.5679268601
64.5839740559
64.6002467499
64.6398221251
64.6520415883
64.6678925675
64.684025193
64.6999211511
64.7159731769
64.7319470179
64.7479594985
64.7637914598
64.7799455182
64.7959483389
64.8119140294
64.827900549
64.8440706066
64.859949358
64.8756995121
64.8921904593
64.9077631129
64.9237894795
64.9399450473
64.9557371615
64.9717529627
64.987697824
65.0039385196
65.0199380197
65.0361011343
65.0518971729
65.0679748577
65.0840235629
65.0999321996
65.1159984134
65.1318774667
65.1483367173
65.163967934
65.1800836547
65.1962011866
65.2120627313
65.2279620101
65.2438627981
65.2600449306
65.2758913817
65.2918836369
65.3315936469
65.3437572638
65.3599578104
65.375890295
65.3918248927
65.4078219778
65.4238818523
65.4399429342
65.455794819
65.4718809563
65.4877995548
65.5039448589
65.5207736005
65.5374432557
65.5530922828
65.5688931513
65.5850592846
65.6010823307
65.6169161032
65.6331341584
65.6489836283
65.6651219894
65.6809122924
65.6970591059
65.7129481209
65.7290662566
65.744888558
65.7610175611
65.7768742759
65.7928369476
65.8088841435
65.824814515
65.8410398151
65.8567507259
65.8733446113
65.8889758279
65.9049134443
65.9209005677
65.9371469988
65.9530351083
65.9689253308
65.9850600694
66.0011600928
66.0168390052
66.0329634802
66.0491371602
66.065172583
66.080988847
66.0971060771
66.1133513007
66.1290111952
66.1449134926
66.1608405435
66.1769635091
66.1929264828
66.2088637973
92.7267566365
92.7423649109
92.7582216257
92.7742105603
92.7903123949
92.806180279
92.8223095839
92.8382206356
92.854297113
92.8703183478
92.8863103011
92.902249125
92.9182739823
92.9343613271
92.9503393943
92.9666205407
92.9823483563
92.9983318572
93.014301472
93.0303676857
93.0463050003
93.0623120472
93.078514405
93.094742422
93.1104149951
93.1263969866
93.1424541442
93.1582713138
93.1741727056
93.1902926525
93.2063742617
93.2222445607
93.2383107745
93.2544600029
93.2703964118
93.2861996954
93.3021913468
93.3183701587
93.3344409005
93.3503954217
93.3663067753
93.3824418157
93.3983755078
93.4145860162
93.4303835642
93.4464410236
93.4625404433
93.4783974599
93.4946499285
93.5103892152
93.5263349822
93.5429623753
93.558276023
93.5742510715
93.5903782633
93.6063131629
93.6222589298
93.6382007724
93.6541725003
93.6701810566
93.6861853866
93.7022093383
93.718285212
93.7344573827
93.7503219461
93.7663507278
93.7825373883
93.7983805189
93.8144841647
93.830440799
93.8464058858
93.862212188
93.8784021691
93.894536304
93.9104102255
93.9261555496
93.9425022022
93.9582402814
93.9742560826
93.9905197204
94.00616754
94.0222446211
94.0382924207
94.054281959
94.0703225136
94.0863600496
94.1024319989
94.118342145
94.1345538608
94.1505319281
94.1664013215
94.1824959111
94.1986834773
94.2143814076
94.2303365326
94.2463227503
94.262572502
94.2784189532
94.2945497675
94.3105169673
94.3263317219
94.3422388493
94.3583868703
94.3742713573
94.3903659469
94.4062513396
94.422181711
94.4383620323
94.4543017618
94.4704343873
94.4862243885
94.5024237276
94.5185587681
94.5346488297
94.5506649327
94.5663990876
94.5822956495
94.5984222376
94.6143378173
94.6304499156
94.6465272986
94.662509592
94.6784891685
94.6944482178
94.7105328458
94.7262890373
94.7423661184
94.7583013198
94.7743717598
94.7903510345
94.8062306915
94.8222401534
94.8382420685
94.8543828445
94.8702428799
94.8863009431
94.9024199844
94.9183793356
94.9345970889
94.9504145604
94.9664400214
94.9824150699
94.998548601
95.0144421442
95.0304820951
95.0465745717
95.0624995095
95.0785138013
95.0945625065
95.1103989959
95.1262445414
95.1425824396
95.1583778745
95.174272927
95.1905296218
95.2062504943
95.2224169294
95.2383225475
95.2543951005
95.2702608715
95.286341575
95.302484766
95.3185262263
95.3344173545
95.3504570035
95.366434467
95.3825622625
95.3984117324
95.4143710836
95.4305997043
95.4464325712
95.46237864
95.4784668904
95.4945397453
95.5103852909
95.5263135493
95.5425805077
95.5583756406
95.5744590611
95.5905156149
95.6065253787
95.622284287
95.6383426521
95.6543394354
95.6704137996
95.6864531468
95.7024879659
95.7186248176
95.7344963241
95.7506953614
95.7664431005
95.7824875795
95.7985477558
95.8144591094
95.8307324071
95.8464831649
95.8624373843
95.8786394403
95.8946389404
95.9102339324
95.9264851935
95.9424496765
95.9583721993
95.9743704919
95.9905248522
96.0065687274
96.0223228059
96.0387192672
96.0544947785
96.0704770719
96.0864207258
96.1024682235
96.1184628936
96.1345019389
96.1505065708
96.1664888643
96.1825360601
96.198674723
96.2144550643
96.2304292072
96.2464573851
96.2624955248
96.278569889
96.2946451589
96.3103654277
96.3264790353
96.3423825402
96.3584931291
96.374201323
96.3903200625
96.406473819
96.4224603386
96.4383315432
96.4544255292
96.4703516745
96.4864027946
96.5025305902
96.5185056387
96.5345295904
96.5505553533
96.5666236801
96.5826947238
96.5987277317
96.6144552454
96.6306068888
96.6469719555
96.6626333594
96.6785003378
96.6947473727
96.7104211532
96.7262464734
96.7427021016
96.7583870514
96.7744460202
96.7903314128
96.8063695525
96.8223047539
96.8384250027
96.8544242009
96.870357893
96.8863631287
96.9023547801
96.9183977497
96.9344856982
96.9507058665
96.966433984
96.9826496242
96.9986995369
97.014459049
97.0306342384
97.0465866465
97.0624599643
97.0783761478
97.0944236455
97.1103509983
97.1262910296
97.142776845
97.1585067737
97.1743861289
97.1904294004
97.2063332072
97.2225391875
97.238521179
97.2546987834
97.2705201792
97.2865752237
97.3024735968
97.3185926381
97.3346531163
97.3505596399
97.3667456967
97.3826093545
97.3986007041
97.4145196045
97.4307467158
97.4466782948
97.462578781
97.4785378303
97.494448882
97.510432081
97.5264487878
97.5425180202
97.5585745741
97.574466306
97.5907290382
97.6065286992
97.6223947721
97.6384314024
97.6546029693
97.6703437654
97.686471561
97.7027756496
97.719082455
97.7346551086
97.7505211814
97.7664669484
97.7825938383
97.7985833767
97.814605819
97.8306107528
97.8466977957
97.862833138
97.8786334028
97.8944913251
97.9106221394
97.926281732
97.9426899663
97.9585928675
97.9745018061
97.9905224372
98.0064359039
98.0224372152
98.0384330929
98.0546122066
98.0704831094
98.0866510539
98.1025011275
98.118596019
98.1346598178
98.1504969109
98.1665700677
98.1826145467
98.1986007645
98.2146008683
98.2307129665
98.2467550305
98.2626866095
98.2787573513
98.2945059961
98.3104496499
98.3264965439
98.3426020009
98.3584255098
98.3745656821
98.3905911432
98.4064789508
98.4225032044
98.438480366
98.4546380468
98.4705077421
98.4865404481
98.5026057562
98.5187012515
98.5345262698
98.5507672672
103.485824408
103.501938922
103.517976156
103.533752271
103.550018625
103.565873227
103.581982609
103.597876454
103.613830069
103.6297538
103.645778053
103.661690312
103.677819919
103.694030126
103.709749187
103.725710349
103.741973383
103.757748593
103.773710963
103.789867134
103.805964441
103.822059634
103.837869559
103.853808383
103.870029457
103.886044956
103.901838278
103.918125763
103.933830335
103.949914963
103.96602042
103.982125877
103.997845542
104.013803987
104.029775112
104.045903511
104.061732755
104.077771499
104.093893559
104.109756915
104.125977989
104.142199063
104.157756321
104.173893172
104.189889654
104.205933529
104.221852429
104.237867929
104.25391603
104.269820139
104.285892994
104.302186517
104.318353254
104.334251627
104.350181998
104.366106936
104.381875505
104.39795168
104.413726286
104.429767746
104.445911843
104.461873005
104.477775302
104.493850874
104.509745323
104.525726409
104.542161812
104.55785461
104.573791623
104.590149143
104.605862167
104.621875251
104.637954747
104.65391923
104.669847187
104.685854233
104.702012216
104.718045828
104.733984954
104.750017961
104.765895505
104.781768521
104.797825377
104.813715599
104.829661366
104.845866441
104.861993633
104.87796838
104.894053007
104.909773276
104.925775191
104.941934985
104.957895544
104.973858216
104.990019821
105.005842122
105.022011878
105.037981493
105.053989143
105.069882989
105.086088365
105.10202085
105.117909563
105.13386348
105.150151872
105.165913799
105.181756929
105.197950835
105.213785513
105.229775353
105.246014539
105.261991399
105.277938374
105.293954477
105.309971485
105.325870462
105.341854567
105.358007719
105.373871377
105.389892914
105.406017389
105.422187447
105.437788174
105.453933478
105.469906716
105.48588267
105.501809721
105.518086943
105.533870001
105.549989948
105.565839116
105.58209098
105.597906641
105.613800184
105.629861266
105.64603887
105.662067652
105.677799392
105.694053068
105.709896802
105.725769516
105.741916933
105.757901944
105.77391865
105.789936867
105.806072209
105.82205903
105.837958913
105.853984072
105.869992628
105.885896435
105.901830127
105.917884266
105.934010854
105.950393127
105.965962762
105.981878342
105.998066512
106.01384625
106.029977969
106.046057164
106.061838109
106.077859947
106.094034835
106.109963395
106.12578298
106.142052957
106.157945594
106.173941774
106.190074701
106.205989375
106.222041099
106.238027015
106.253900031
106.26992036
106.285850128
106.301951963
106.317951765
106.334034279
106.349959821
106.365830422
106.381985386
106.397885872
106.413839488
106.429983584
106.446083306
106.461803876
106.477914163
106.493920305
106.509938521
106.52586044
106.542002122
106.55801098
106.573998707
106.58996651
106.605944879
106.622054261
106.637910674
106.653949719
106.670195546
106.686118975
106.70197569
106.718183783
106.734209244
106.750018263
106.766117985
106.78187478
106.798139927
106.813897326
106.829895317
106.846083789
106.862030461
106.87783133
106.893997463
106.910005717
106.925853678
106.942004416
106.958267752
106.974005831
106.990014085
107.006221273
107.022138664
107.038106166
107.05400635
107.070156484
107.086107383
107.102059187
107.118097025
107.134011699
107.149923657
107.165857349
107.181992087
107.197958985
107.213834416
107.22997972
107.245991597
107.261798503
107.277846906
107.29392278
107.309927412
107.325849029
107.342085197
107.358095564
107.374016879
107.39030195
107.405975127
107.422150618
107.437997975
107.454073245
107.470190777
107.486055944
107.502187664
107.518337798
107.534107272
107.550016211
107.566002428
107.582066227
107.598104367
107.613990665
107.630017333
107.645936838
107.661954148
107.677807542
107.694050653
107.709953554
107.725894793
107.7420567
107.758106613
107.774072001
107.789975808
107.806101189
107.822106122
107.838233012
107.853946338
107.870198505
107.885924509
107.902142866
107.91826553
107.934110472
107.949969602
107.965884879
107.98192966
107.997839504
108.013961564
108.029983101
108.045992563
108.061952518
108.078004846
108.093995893
108.110060598
108.125907954
108.142922045
108.157970951
108.174109313
108.190122095
108.206253513
108.222275955
108.238133274
108.254061834
108.27019929
108.286065664
108.302229081
108.318135001
108.334062957
108.350033176
108.366067391
108.381976028
108.398049486
108.413976537
108.430046675
108.445932672
108.462152236
108.478031591
108.494059769
108.510191489
108.525975755
108.542385499
108.558058072
108.574057874
108.59030672
108.606216262
108.622407451
108.638201074
108.654112428
108.670273127
115.076392247
115.092524269
115.108537957
115.12437505
115.140762455
115.156532835
115.17252509
115.188490177
115.204431718
115.220632868
115.236245067
115.252207437
115.268473187
115.284396314
115.300387362
115.316416445
115.332329308
115.348406993
115.364295706
115.380453387
115.396334252
115.412557137
115.428387589
115.444986002
115.460379042
115.476470613
115.492775305
115.508545987
115.524632728
115.540733053
115.556395061
115.572411164
115.588425456
115.604425559
115.620356836
115.636333394
115.652606692
115.668746261
115.68428601
115.700412598
115.716270219
115.732452049
115.748355554
115.764342979
115.780375987
115.796458502
115.812596259
115.82847652
115.844639333
115.860576949
115.876345819
115.89270666
115.908663596
115.924461446
115.940690368
115.956431466
115.972536622
115.988454616
116.004399176
116.020774808
116.036451305
116.052336396
116.06871716
116.084287097
116.100456853
116.116456956
116.13243774
116.148586365
116.164496209
116.180448919
116.196536566
116.212450938
116.228740235
116.244584875
116.260431628
116.276417242
116.292399536
116.308602799
116.32440729
116.340785337
116.356446137
116.372491824
116.388494644
116.404630591
116.429177587
116.455591659
116.466967089
116.482248437
116.498374723
116.514402297
116.530537036
116.546776222
116.562610296
116.578806315
116.594591788
116.610470238
116.626456455
116.642869218
116.658569865
116.674444692
116.690781383
116.706453956
116.722561224
116.738586383
116.754481436
116.770497841
116.786504586
116.802381526
116.818490907
116.834429127
116.850334142
116.866398846
116.882690558
116.898712095
116.9143898
116.930429449
116.946589243
116.96280126
116.978556848
116.994767658
117.010667239
117.026478673
117.042683446
117.058569744
117.074623581
117.090482107
117.106550736
117.12254933
117.138576603
117.154577914
117.170496512
117.186330285
117.202430007
117.218322342
117.234488777
117.250344587
117.266322956
117.282378604
117.298544737
117.31449141
117.330612262
117.346533577
117.362500475
117.378529861
117.39473403
117.410698513
117.426506325
117.442678797
117.458567812
117.4745492
117.490483798
117.506395453
117.522417594
117.53857618
117.554415386
117.57041217
117.586504042
117.602417509
117.618383803
117.634395378
117.650530419
117.666392869
117.68256987
117.698479412
117.71445114
117.730425887
117.746674431
117.762541711
117.778597661
117.79477436
117.810768426
117.826522807
117.84252442
117.858779303
117.874688544
117.890571522
117.906547476
117.922802963
117.938351769
117.954629594
117.970358618
117.986425737
118.002376032
118.018575673
118.034554344
118.0505306
118.066557872
118.082421832
118.098672791
118.114566938
118.130847481
118.146985238
118.162519554
118.178501545
118.194584362
118.210700385
118.226537478
118.242768513
118.25871428
118.274539299
118.29055842
118.306536789
118.322548968
118.338565977
118.354538308
118.370519998
118.386544252
118.402375911
118.418454803
118.434610069
118.450461049
118.466642275
118.482456124
118.498685651
118.514631116
118.530511377
118.546953722
118.562520037
118.578864576
118.594762949
118.610749469
118.626695236
118.642678737
118.658929092
118.6746557
118.690579732
118.706690019
118.722728763
118.738616872
118.754403855
118.770537688
118.786697482
118.802441598
118.818809986
118.83453116
118.850702425
118.866478238
118.882698407
118.898557838
118.914602015
118.93094746
118.970310016
118.982407825
118.998899376
119.014647719
119.030655369
119.046622569
119.062678217
119.078692811
119.094708612
119.110690906
119.126704594
119.142650663
119.158567752
119.174678643
119.190893377
119.206573497
119.222769214
119.238621099
119.254469361
119.270521689
119.286431533
119.302636306
119.318374687
119.334459013
119.350731707
119.366509633
119.382643466
119.398831334
119.414692577
119.430628382
119.446764026
119.462591761
119.478554433
119.494652343
119.510685653
119.526785677
119.542782158
119.558868899
119.597830267
119.610358243
119.625885012
119.641862778
119.657710134
119.673748274
119.695071281
119.725029629
119.737005783
119.752697374
119.768554693
119.7845231
119.80061769
119.816601493
119.832452774
119.849035188
119.864649198
119.8807942
119.896662084
119.912824595
119.928730213
119.944658773
119.960680914
119.976586834
119.992711007
120.008701753
120.024849774
120.040734261
120.056768174
120.072537346
120.088689895
120.104646228
120.120488151
120.13646169
120.152668878
120.168624908
120.184697159
120.200531837
120.21691079
120.232564044
120.248669501
120.26464304
120.28073129
120.296633286
120.312703122
120.328818843
120.344860303
120.360662983
120.376619013
120.392816843
120.40877227
120.424669737
120.44084704
120.456577874
120.472495567
120.488655663
120.528486422
120.54071313
120.556776023
120.572480594
120.588770495
120.604435521
120.620827454
120.636711036
120.652567147
120.668612833
120.684701084
120.700613343
120.716478208
120.732504575
120.748820436
120.764740846
120.780753629
120.797017568
120.812913225
120.828747299
120.844739554
120.860851049
120.876564978
120.892690057
120.908751139
120.924757884
120.940717537
120.956574554
120.972484096
120.988645701
121.004462267
121.020595496
121.036752573
121.052545291
121.068668559
121.084516217
121.100758724
121.116574686
121.132597431
121.14898544
121.188492894
121.200539988
121.216636993
121.232611136
121.248954769
121.264828087
121.280897621
121.296748601
121.312742667
121.329235425
121.344891698
121.360963647
121.376759987
121.39284703
121.408803363
121.424690868
121.440802665
121.456713716
121.472565903
121.488641173
121.504721575
121.520695718
121.536670766
121.552928366
121.568639881
121.584737188
121.600616241
121.616901915
121.632795157
121.648824542
121.66488502
121.680862484
121.696783195
121.712627231
121.728838042
121.744934141
121.760954168
121.77680726
121.792885851
121.808852447
121.82478946
121.840658853
121.85652885
121.872664193
121.888737349
121.904650212
121.92062194
121.936600611
121.952692182
121.968793111
121.985118331
122.000671664
122.016634034
122.032699041
122.048910153
122.0647883
122.080867193
122.096781565
122.112898795
122.128737096
122.145077711
122.160774132
122.176696353
122.192803923
122.208833308
122.224760057
122.240818724
122.256564954
122.272654412
122.288749002
122.304686316
122.320610952
122.337154123
122.352669119
122.368594359
122.384579671
122.400826404
122.416779718
122.432754162
122.448801056
122.46484795
122.481019215
122.496889514
122.512875732
122.528747541
122.544985217
122.560909551
122.576777737
122.592757314
122.608944578
122.624829065
122.64107127
122.656537665
122.672702892
122.688698166
122.704617369
122.72064615
122.736568069
122.752763484
122.768719515
122.784837047
122.800736929
122.816694167
122.832750117
122.84900802
122.864699007
122.881034188
122.896851358
122.91275758
122.928838887
122.945018001
122.960921506
122.977036924
122.992786475
123.008812841
123.024818077
123.040728525
123.05690462
123.072675905
123.088651256
123.104678528
123.121019445
123.136952835
123.152848793
123.168999531
123.184739421
123.200823446
123.216658124
123.233025002
123.248953864
123.264841068
123.280896112
123.296952364
123.312757459
123.328904272
123.345010635
123.361109451
123.377233926
123.392821069
123.408946752
123.424745507
123.440754365
123.456858917
123.472677294
123.488716641
123.504951601
123.52089616
123.536933394
123.552946479
123.568875341
123.584942762
123.600781968
123.616712944
123.632842249
123.648985741
123.664914604
123.681024589
123.696916019
123.7127996
123.728863399
123.744957385
123.760805345
123.776818731
123.792940791
123.808837353
123.824884549
123.84086805
123.856752235
123.872798525
123.888670636
123.904920991
123.920736953
123.936733737
123.952722369
123.96873002
123.984766952
124.000745925
124.016861344
124.033082719
124.049084936
124.06484143
124.080805611
124.097191809
124.112967018
124.128888333
124.145132651
124.161117964
124.176759444
124.192849807
124.208801914
124.224845487
124.240731785
124.256725248
124.272696372
124.288870958
124.304895513
124.321080966
124.336820857
124.352873788
124.369049883
124.384953086
124.400989716
124.416949068
124.433033696
124.448986707
124.464990736
124.480830244
124.497158784
124.51293822
124.528888515
124.545498097
124.560993472
124.576909353
124.592863271
124.608964804
124.624817292
124.640811359
124.657144427
124.672806133
124.688878987
124.704813887
124.720799199
124.736696063
124.752841367
124.76873642
124.784739844
124.800921373
124.816964644
124.832820152
124.849200614
124.864974917
124.880931552
124.897171342
124.913060055
124.928911336
124.945145692
124.961004218
124.976928854
124.993013784
125.009057961
125.02502184
125.040818785
125.056974654
125.072897781
125.088906035
125.104666151
125.120819304
125.136823936
125.152805927
125.168742034
125.185178947
125.200862991
125.21687366
125.232898216
125.249114459
125.264784014
125.280956486
125.29691463
125.312906583
125.328805862
125.345063764
125.360955798
125.377017484
125.392921592
125.409093763
125.4248895
125.440818966
125.456918989
125.472863247
125.488922819
125.504866473
125.520839409
125.536895359
125.55287886
125.568851795
125.585019739
125.600918112
125.61708817
125.632897793
125.649235993
125.664953243
125.680957573
125.697109518
125.712956271
125.728958187
125.744994515
125.760879002
125.777127244
125.792947735
125.80883524
125.825129065
125.840981554
125.856749216
125.872942216
125.889047673
125.904831939
125.920961848
125.93684241
125.952881757
125.968740887
125.984837892
126.001061985
126.017109784
126.032923331
126.049251268
126.064962782
126.081057976
126.097071362
126.113127916
126.129054665
126.145263664
126.160990876
126.176997923
126.193094022
126.208809762
126.224990385
126.24110671
126.256850525
126.272734408
126.288746587
126.304894608
126.320901654
126.33678101
126.352891598
126.368864534
126.384888184
126.4009387
126.417217733
126.43299898
126.449194999
126.464893231
126.481073552
126.497014489
126.512992556
126.529089561
126.545381575
126.56103513
126.576870714
126.593183255
126.608935824
126.624826046
126.641116249
126.656919834
126.672925372
126.688851215
126.70502399
126.720840857
126.736765493
126.75295638
126.769001463
126.784901345
126.800999256
126.816936872
126.833040216
126.849036094
126.865025934
126.881127768
126.896965163
126.91309145
126.92908129
126.94535338
126.960928449
126.976903799
126.992950089
127.00881254
127.024768268
127.041025869
127.056833076
127.072821407
127.088920223
127.104838822
127.120958769
127.136865594
127.152988258
127.169074999
127.184909073
127.201069169
127.216961203
127.233162957
127.249172721
127.265053585
127.281024408
127.297046246
127.313134497
127.329249312
127.345068292
127.361066283
127.376935978
127.3931163
127.4089223
127.424984891
127.440941828
127.456924423
127.472894038
127.488891425
127.504831758
127.521018117
127.536825023
127.552986628
127.56905586
127.585009476
127.601047314
127.61705919
127.633184873
127.649236597
127.665046823
127.681094321
127.69687436
127.712962007
127.729199986
127.745026212
127.76113831
127.776997138
127.793002373
127.808907991
127.824848023
127.841189543
127.856842193
127.873143867
127.888965262
127.905086417
127.920803063
127.936997874
127.953008242
127.968959744
127.984976451
128.001027571
128.017261022
128.033139773
128.049410354
128.065232957
128.08130219
128.097065626
128.113194327
128.129119869
128.145463201
128.161122492
128.177122596
128.193020969
128.209293663
128.224843676
128.241106408
128.25706757
128.272927908
128.288915333
128.304974905
128.320879014
128.337032469
128.35314668
128.369067392
128.385056326
128.401205555
128.417018498
128.433196102
128.449191376
128.465122955
128.481398668
128.497113201
128.513090363
128.52911039
128.545332672
128.56105294
128.576770191
128.592912174
128.609148945
128.625095014
128.641055271
128.656873346
128.672843263
128.688980115
128.705158021
128.72103798
128.737098156
128.752998944
128.769148776
128.785108731
128.801253733
128.817187727
128.833186624
128.849134202
128.865168719
128.881489411
128.897139947
128.913492335
128.929231622
128.945230216
128.961143985
128.976896856
128.992964277
129.008974946
129.024940637
129.041002624
129.056918506
129.073099733
129.088914789
129.104977984
129.121098233
129.136964608
129.153123496
129.169270612
129.18529728
129.201094828
129.217180362
129.233188012
129.249526212
129.265260065
129.281186814
129.297136204
129.313130572
129.32909747
129.345211078
129.361158656
129.376938092
129.392966873
129.408989014
129.425054926
129.440902282
129.45699657
129.473090556
129.48889233
129.504910244
129.521049209
129.537283264
129.553258312
129.569147025
129.58521988
129.601136064
129.617179637
129.633234682
129.649292141
129.665009089
129.68115711
129.697068162
129.7132189
129.729142932
129.745381514
129.761152498
129.776995628
129.793123122
129.809237333
129.82508952
129.841109246
129.856997657
129.873025231
129.889179893
129.904958121
129.92109286
129.937292803
129.953080691
129.969230825
129.985325415
130.001176696
130.017123066
130.033210109
130.049402204
130.065212128
130.081237589
130.097444777
130.113327755
130.129131944
130.145400714
130.160959179
130.177089088
130.193046628
130.20900447
130.225024497
130.241104597
130.256920559
130.272929719
130.289079249
130.30493204
130.32099282
130.337026733
130.353273768
130.369308889
130.385254354
130.401326907
130.417131096
130.433158972
130.449358915
130.465231025
130.481132115
130.497291607
130.513241902
130.529064506
130.545668353
130.560981699
130.576960973
130.593136163
130.609059289
130.625013509
130.641208018
130.657055978
130.673088986
130.689102071
130.705032744
130.721211556
130.73785525
130.75328059
130.769353747
130.785309778
130.801248903
130.81743979
130.833225263
130.849253743
130.865127966
130.881226179
130.897117005
130.913077564
130.929259092
130.945327721
130.961073951
130.97694757
130.993303581
131.009229424
131.025028783
131.041131222
131.05714008
131.073157692
131.08912459
131.105235179
131.121325543
131.137151467
131.153176324
131.16920752
131.185268904
131.201446207
131.217257339
131.233248085
131.249246377
131.265165278
131.281174438
131.297291668
131.313251925
131.329221539
131.345186928
131.361148996
131.377123441
131.393191466
131.40911429
131.425143676
131.441180004
131.457073849
131.473146402
131.488999193
131.505202456
131.521230634
131.53713263
131.553228729
131.569262642
131.585514507
131.601276434
131.617205598
131.633499423
131.649389344
131.665187496
131.681273331
131.697229965
131.713117773
131.729276963
131.745191335
131.761011222
131.777222334
131.793194666
131.809155828
131.82513299
131.841178978
131.856995242
131.873079266
131.889251437
131.905096379
131.92137511
131.937214316
131.953315547
131.969207279
131.985208892
132.001284464
132.017322604
132.033187469
132.049432089
132.065178319
132.081204082
132.097152565
132.11328187
132.129141302
132.145569158
132.161198563
132.177030525
132.193353329
132.209179555
132.22528139
132.241279079
132.25713036
132.273276268
132.289222638
132.30513701
132.321291975
132.33723744
132.353285541
132.369224365
132.385482267
132.401323587
132.417184829
132.433128181
132.449273485
132.465301965
132.481271278
132.497146105
132.513209904
132.529177406
132.545530398
132.561155879
132.577263147
132.593194726
132.609144417
132.625068148
132.641410272
132.657206914
132.673135776
132.689335417
132.705296278
132.721188614
132.737437158
132.753385642
132.769540908
132.785342682
132.801289354
132.817252026
132.833304052
132.849364832
132.865290977
132.881372284
132.897428235
132.913300043
132.929287468
132.945245008
132.961214019
132.977226802
132.993240792
133.009294629
133.025058971
133.041237481
133.057213133
133.073297157
133.089171682
133.105459772
133.12127513
133.137357645
133.153229755
133.169290837
133.185321128
133.201307648
133.217318015
133.233498035
133.249416331
133.265401643
133.28121519
133.297279291
133.313261584
133.329109243
133.345221643
133.361296008
133.377190456
133.393172448
133.409187947
133.425140959
133.441196003
133.457046681
133.473272887
133.489292914
133.505480782
133.521373721
133.537333978
133.553434001
133.569422332
133.58544236
133.601314168
133.617330573
133.633333394
133.649497112
133.665556383
133.681316197
133.697294868
133.713560619
133.729354242
133.74514696
133.761387052
133.777314103
133.793317527
133.809363516
133.825651303
133.841340177
133.857231004
133.873320763
133.889232419
133.905250635
133.921265531
133.937379138
133.953217741
133.969335574
133.985219458
134.001508151
134.017464181
134.033485114
134.049452314
134.065324726
134.08134898
134.097438438
134.113298171
134.129589883
134.145401619
134.161178036
134.177122294
134.193324048
134.209226647
134.225212865
134.241451447
134.257356763
134.273353849
134.289366329
134.305286135
134.321404573
134.337332227
134.35359828
134.369444127
134.38556498
134.401363132
134.417355085
134.433424921
134.449486305
134.465311021
134.481358821
134.497255987
134.513188773
134.529369698
134.545605262
134.561457448
134.577232658
134.593267779
134.609191509
134.625163841
134.641505965
134.657109108
134.673216678
134.689507786
134.705436045
134.721378189
134.737450742
134.753549558
134.769473892
134.785395509
134.801619904
134.817403867
134.833393708
134.849663685
134.865367351
134.881456507
134.897387482
134.913331438
134.929275997
134.945361229
134.961153041
134.977150428
134.993203359
135.00936587
135.025237377
135.041370908
135.057149438
135.073244933
135.08936005
135.105415095
135.121525684
135.137414095
135.153438047
135.169458074
135.18540686
135.201756833
135.217418538
135.233426793
135.249689223
135.2653947
135.281481743
135.297362306
135.313345505
135.329245387
135.345330619
135.361334647
135.377341392
135.393279914
135.409561966
135.425215219
135.441581494
135.457239879
135.473427747
135.489329139
135.505364561
135.521397569
135.537418804
135.553545996
135.569401805
135.585577598
135.60153061
135.617412078
135.633500329
135.64959039
135.665564533
135.681413399
135.69735977
135.713242748
135.729237116
135.745376986
135.761392486
135.777445115
135.793293378
135.809362308
135.825459011
135.841391194
135.857208967
135.873382949
135.889423504
135.905442323
135.921569213
135.937559657
135.95342724
135.969340404
135.985400581
136.001455021
136.017395053
136.033465191
136.049544989
136.065417703
136.081539763
136.097356027
136.113462691
136.129415099
136.145442674
136.161570167
136.17743292
136.193522981
136.209302115
136.225344179
136.241493407
136.257243863
136.273479729
136.289457796
136.305605515
136.321529849
136.337538406
136.353699407
136.369544349
136.38546657
136.401423808
136.417601412
136.433497974
136.449540944
136.465544972
136.481625374
136.497277118
136.513385895
136.529483805
136.545597111
136.561310739
136.57742978
136.593677117
136.609346369
136.625330776
136.64150355
136.657481316
136.673657109
136.689574802
136.705534455
