88.0830032367
103.236759154
118.213592315
149.278145156
156.606406441
163.840781111
171.729271529
187.746003672
219.098620265
227.158013214
234.454318667
251.181222616
281.90675305
289.139115745
304.776885747
335.148404638
342.22169123
356.014353092
362.830870664
369.880044049
370.824089721
377.897537814
385.499961059
392.562273106
413.942490429
421.960692083
435.433336473
442.728822646
449.260095041
454.667276447
479.739565957
494.444268151
529.666138089
542.49765657
580.89573081
586.415851764
591.184094925
613.782341775
619.110519141
629.03204579
635.048362256
640.984781744
647.081007261
656.921444842
668.556947788
682.764653002
693.598212437
704.400821876
704.816877403
710.209118275
721.250623818
757.013500908
763.061804299
767.813881931
788.983038435
803.926688353
808.294923183
812.711153796
821.607587363
831.15905286
835.927285153
845.671776448
850.904041639
855.5282733
860.312504792
875.151269099
885.570754492
899.654485541
904.086686071
