169.066201488
191.619188548
218.984877917
246.638041721
252.670421906
284.051374632
294.563856124
302.755422834
311.939500801
316.369893184
328.600982279
343.095562992
353.404601376
402.131250745
413.908317825
425.555920011
440.851988632
444.836618111
449.140766232
457.172162628
464.968669713
477.229722538
485.406631137
489.597483627
493.886364165
506.367935871
532.369383329
536.305556637
565.738126093
611.003952963
614.959065779
628.091079646
635.24160135
730.337365688
770.304789892
784.729835286
831.113741791
854.512515905
878.394112666
891.581445073
