117.047162364
122.407222496
128.694979179
150.421079148
162.261262322
203.365647107
214.197873037
224.108581054
230.66737666
236.142562347
256.830399326
269.29297085
278.676006164
297.906868254
307.027730812
324.769711459
333.752800506
338.296567005
347.881877801
358.222646146
379.460253479
384.276275129
388.341036706
397.797530719
405.907908492
410.564839006
453.268912565
460.664580758
468.249401924
472.397719386
498.143150084
510.878410544
519.008901487
539.809735548
543.840991275
554.347217153
558.379430707
561.914396845
579.778780483
587.881596158
595.337165851
599.324011646
619.055515659
623.959556918
631.658465514
638.442299571
648.830695459
