116.956326024
122.012564053
128.315764006
139.322184137
150.217645399
154.154802495
159.930012784
162.090115782
174.799544179
179.334717399
197.527414907
203.079650618
213.64304428
223.840410178
230.320687776
235.923864636
256.595684192
262.049893667
268.882155519
278.13749851
297.656197277
306.680624444
320.327119076
324.59928095
333.677625988
337.997796363
347.583142477
358.035737562
362.771676017
367.122860321
379.289367752
383.849537463
388.105658367
397.562021369
405.769363104
410.313542256
417.177800921
421.304931167
433.802445132
453.01814982
460.413474487
468.142706942
472.130929859
480.963425962
497.923880635
510.771402525
518.965686954
523.269764437
539.734501865
543.765648918
547.18371331
554.272022713
558.320117547
561.83925674
579.6879535
587.806523672
591.438385549
595.182547495
599.199729526
603.200890209
606.897009544
618.932499875
622.759656534
631.598948593
638.399198842
641.855368347
648.755629916
661.652102738
670.583439515
675.063642854
681.131834256
697.920507561
702.479705256
708.642903307
713.015112121
722.358424913
723.702489054
726.086658184
732.214768294
734.359889275
737.079965768
740.9521047
746.703362962
757.571795557
759.876818189
789.424964493
794.658180852
798.949351059
816.169991593
820.986223947
824.905334462
834.527705304
839.039871646
862.969776965
864.105816244
874.189252892
