133.260083527
145.737568845
168.719778851
184.888510145
191.192286666
208.715019599
218.830351933
241.428128071
246.179389351
252.179560812
273.474401131
283.816820997
289.17702995
293.961155008
302.504524248
311.752890463
316.087062687
328.414518347
342.58899902
352.354079219
353.121418599
371.395202712
374.857283096
393.386266812
401.672256962
413.737693818
425.17727235
429.417306703
437.432681147
440.680775077
444.665933429
448.810042246
456.969414723
464.685754995
476.16316394
477.01121923
485.0594813
489.282675034
493.539816555
501.813128244
505.941321065
514.083608411
527.253126976
531.702268086
532.278284061
536.038370154
550.159959006
565.487552619
569.120786487
572.208764439
576.79193982
583.272176665
583.993258078
607.121146918
610.817252366
614.708423479
627.967929532
635.103199953
645.091608519
645.907622019
651.81191564
655.475981109
655.956006647
658.532100806
665.303360849
668.007391543
672.999652852
677.767831727
683.834999494
727.878735052
729.878759201
748.239551062
750.019616295
750.867645323
751.92365846
756.099803031
763.973157284
769.830332312
773.718479611
781.255731494
784.350903567
814.457015339
830.766654441
843.520172789
845.408151646
854.166027159
869.550171537
878.208384387
891.314965866
