113.798509677
119.686648524
125.047111047
125.750829911
125.766836467
131.334167697
136.180482717
136.884552956
136.900528118
142.3395654
142.979705407
142.995516957
148.723796112
153.061188062
157.268273511
157.972201569
157.988173713
158.003971377
158.020217013
158.036079578
158.052255483
158.068220684
158.084392664
158.100225948
158.116050177
158.132159066
158.148172566
158.164217762
158.18019715
158.196376979
158.212470172
158.228274175
158.244186247
158.260405922
158.276054765
158.292312174
158.308283412
158.324346116
158.340231925
158.356214634
158.372064823
158.388149865
158.404159743
158.420090832
158.436059353
158.452333969
158.468148537
158.484160226
158.500089504
158.516176659
158.53217265
158.54832833
158.564187273
164.90057521
165.624207709
165.640315996
171.722724782
172.426807096
172.442788899
172.458725422
172.474707528
172.490790155
172.506633703
172.522788476
172.538712019
172.555098024
172.570745358
172.587058008
172.602697192
172.618857701
172.634764037
172.650846665
172.66678349
172.683015542
172.698896823
172.715026844
172.730682931
172.746901097
172.762572882
172.778759956
172.794729081
172.810775786
172.826750948
172.842871913
172.858769193
172.874691529
172.890665181
172.906774675
172.924816728
172.93864259
172.954860152
172.970756527
172.986964128
173.002727077
173.018843513
177.824856122
182.242156184
182.882272342
182.898243279
187.906500881
188.610620928
188.626403196
188.642493672
188.658378274
188.674333211
188.69043878
188.706737545
188.722400274
188.738630817
188.754269698
188.770359872
188.786121312
188.802393814
188.818258493
188.834421115
188.85032564
188.866631046
188.88225574
188.898343197
188.914209687
188.930351178
188.946280457
188.962272222
188.978362396
188.994356274
189.010481163
189.026469607
189.042569139
189.058333899
189.074530633
189.090531756
189.106594762
189.122702444
189.138548709
189.154491873
189.170535559
189.186405973
189.202352156
194.257904945
194.897662182
194.913678399
200.417907118
201.057870834
206.005110325
206.644820773
211.669159192
212.373397571
212.389591889
212.405276956
212.421708845
212.437270448
212.453436693
212.469466192
212.485462485
212.501381499
212.517470466
212.533360803
212.549295515
212.565248641
212.581578197
212.597090595
212.613114358
212.629323468
212.64540519
212.661080597
212.677155376
212.693305622
212.709206223
212.725102296
212.74144302
212.757826912
212.773290408
212.789403524
212.805247977
212.821232195
212.837503792
212.853484992
212.869437212
212.885604966
212.901605184
212.917469259
212.933361709
212.949371888
212.965178608
216.857255325
221.62476043
226.747853189
227.450762745
227.466778962
233.307885852
233.949193786
238.782455727
239.42240284
244.349683416
249.277623272
249.98156582
249.997554566
255.310079527
259.469954312
260.10999108
266.076465909
266.780382799
266.796603984
271.932612472
276.435904193
277.139757389
277.155728023
277.171853515
277.187733891
277.203722336
277.219818547
277.236089238
277.251873016
277.268007867
277.283757232
277.299861593
277.315752535
277.33195289
277.347642184
277.36365357
277.379670994
277.395706228
277.411506307
277.427593764
277.443724992
277.459672684
277.475548834
277.491891973
277.507778688
277.523729399
277.53976252
277.555964084
277.571694129
277.587736608
277.603719317
277.619962538
277.636105539
277.651777022
277.667741015
277.68376025
277.699770731
277.71585034
277.731750035
281.314896135
286.69143404
287.331020118
287.347244321
292.291644743
292.995401341
293.01138073
293.027444037
293.043283359
293.059401607
293.075473065
293.091472075
293.107561645
293.123185433
293.139478462
293.155273711
293.171167067
293.187121401
293.203223348
293.219379329
293.235382263
293.251071556
293.267350096
293.283384123
293.299473391
293.315249924
293.331475637
293.347442347
293.363440451
293.379491081
293.395586386
293.411799119
293.427473621
293.443374221
293.459404626
293.475453746
293.491491998
293.507373581
293.523334858
293.539568721
293.555236883
293.571484935
293.587208641
296.962582542
300.546873326
305.394713082
309.426891619
314.354221701
318.769375782
322.913228313
327.209839693
331.240926977
336.391902388
340.936189308
345.735494407
350.520599631
356.044928842
360.621768011
365.486023959
369.773434701
373.987765587
377.507426106
382.09972847
386.675988656
390.980140701
396.180561203
400.4513372
404.531566499
408.547736668
419.666995703
423.907348828
427.95550947
432.212623219
447.236315639
451.540390104
463.064133691
470.669093686
474.797597432
483.46946438
487.805716175
491.996891966
496.286215947
504.687395346
508.78090654
516.638861897
521.408050521
525.823509488
530.01541731
534.768473196
538.512677102
542.207650847
546.048113551
549.514066601
552.730331859
556.746294946
560.585325587
564.313626779
567.946818989
571.467020456
574.955219677
578.914140257
582.178562232
586.31640306
590.088698813
593.896998676
597.737662424
601.722940316
605.707217516
609.499606515
613.422621091
617.358599392
621.455010935
626.378019775
630.297470194
633.865631259
637.449659115
640.649791334
644.157581795
647.949969587
650.990016618
654.414152181
654.461942431
660.83047268
664.641727833
677.234187771
732.353098148
739.21834211
786.744225339
791.579188911
796.764690789
818.324324381
827.095799958
833.128903117
841.210315437
871.944531131
876.279597791
880.409588841
