<<<<<<< HEAD
279.417820482
306.44592229
323.444492341
331.077220881
335.493000131
352.296821178
373.65958635
395.563741112
427.294433099
436.617764335
479.715603412
488.70807633
505.127443283
566.786836135
574.195277273
585.225420917
639.435929248
654.03713823
=======
279.417820482
306.44592229
323.444492341
331.077220881
335.493000131
352.296821178
373.65958635
395.563741112
427.294433099
436.617764335
479.715603412
488.70807633
505.127443283
566.786836135
574.195277273
585.225420917
639.435929248
654.03713823
>>>>>>> 926bc0538fcf5630958a3f1c79ad5755b1ad54e9
