259.967767731
262.49594093
273.903338812
290.178972169
295.347192098
358.289597474
363.457709032
384.875527099
389.441709419
400.929216758
405.489382846
410.865551264
417.217871196
421.877971929
432.254342599
441.474695151
451.746144918
458.64541485
462.980571768
468.072749007
483.689315227
492.601641257
498.378837536
509.645361721
520.178753315
524.38683855
534.645244596
546.054857284
551.561986353
555.162027105
578.344923258
588.671362527
594.175577059
599.742709961
605.519931295
615.009336479
634.785118808
642.690672728
