78.9116064111
86.9323988475
102.587153662
118.303690802
175.812029481
179.844308033
195.013714212
199.794900225
230.029200394
245.90186057
249.471459341
253.935694955
261.072223371
265.104164132
269.599808615
282.320333746
289.493129008
294.308760088
306.822524863
314.523616572
323.583227553
327.0543002
334.800399976
346.176088653
349.184472159
353.104772398
357.124415016
365.095629087
371.625077165
374.732113883
395.581129262
398.541210102
401.713346686
412.50527501
445.938077306
459.779094363
477.314596122
490.872437698
497.353225395
500.376445764
509.486599581
535.552999597
548.324266798
554.691971341
