53.615077452
90.9674573119
107.48217237
124.41176444
134.587877544
140.828203623
159.4237583
170.354047988
190.596884712
204.730153244
208.746831809
214.476064352
222.059732936
225.500238627
242.254050856
274.239651402
278.991916551
298.3286925
310.199084129
319.452030748
331.103245847
338.864650081
389.357680076
405.1694581
438.802738254
442.259597699
466.626543343
470.146065967
473.730644083
480.930668232
484.563079306
487.896012763
494.409063014
503.326107293
512.734740144
516.078056688
519.599448183
529.583713563
532.721524318
538.928927354
557.411711914
