57.5246042874
67.4759876777
68.3400814141
74.5322856466
78.5964470016
86.7297864729
101.600396052
102.192398334
117.813070627
145.889221616
146.46525714
163.751954225
164.711991898
174.617389467
175.43341841
179.513593615
184.425787765
194.506215332
199.432414092
229.074530556
229.682595289
238.034975149
245.619322334
248.804441097
249.380459716
253.717148123
260.93289029
264.661129081
269.397256011
282.149815181
285.67097303
289.402130592
294.218305337
302.81267065
306.635782648
313.63300817
314.113151377
323.492518025
326.883649113
334.72588542
342.917347356
346.069480589
349.029570486
352.88567707
356.985851399
364.957228178
368.238382948
371.342474632
374.593606112
382.417877589
385.74707904
392.403297315
395.458391431
398.354634218
401.574749864
408.758972377
409.149935626
412.334109841
416.751268982
420.25550345
423.679621275
424.191652718
427.536754516
431.637974821
434.981129262
445.799444259
449.752605356
456.056010288
459.624109373
462.792249513
466.663390683
477.111753119
490.781399736
497.246604653
500.318222173
506.323073208
509.396121889
522.500667885
535.49421302
544.873588725
545.28968106
548.217746276
554.568937074
560.120154738
