51.9185768687
56.2551110199
60.5910535078
61.2297289669
61.2460289885
65.3741554837
66.0780053702
66.0940593686
66.1101366108
66.1260125064
66.1421410664
66.1580872975
66.1742520818
66.1900872251
66.206305742
66.2221088872
66.2388632216
66.254163453
66.2701733785
66.28606799
66.3021253088
66.3182043623
66.3342580588
66.3500947114
66.3660496967
66.381933139
66.3979964953
66.4138470339
66.4299067678
66.4459825007
66.4619474476
66.4779362422
66.4940512181
66.5100312585
66.5260191476
66.542222571
66.5580691854
66.5742886079
66.5901059409
66.6063467962
66.6221273012
66.638161678
66.6544924903
66.670444155
71.4222154469
72.0624403997
77.3426427727
81.5513827865
82.2563417399
82.2718049805
89.5720082893
93.6082706075
94.3122234314
94.328209811
94.3440775562
94.3600998583
94.3762368706
94.3921456699
94.4081580103
94.4241522386
94.4401787668
94.4562967614
94.4723598158
94.4883383469
94.504224506
94.5201876418
94.5364140073
94.5524803823
94.5683454106
94.5845551734
94.6003758269
94.6164376739
94.6329484
94.6483672659
94.6643035353
94.6801341506
94.6961851302
94.7122400342
94.728267468
94.744022616
94.7603633899
94.7763017724
94.7922649082
94.808308643
94.8242621189
94.8403478135
94.8563363062
94.872255671
94.8883908721
94.904312048
99.6084807083
100.260790686
100.276583567
105.226699711
110.142461349
110.781952157
115.855149055
116.495160285
116.511177757
120.963305405
121.62317207
127.051565266
127.691503444
132.394700991
133.03534041
133.050869458
137.22742631
137.931009948
137.947003874
143.467164046
144.171208035
144.18717117
144.203438892
144.219229359
144.235218455
144.251260681
144.267304113
144.283172764
144.299362905
144.315454939
144.331298233
144.347304234
144.363360647
144.379404684
144.395309559
144.411450194
144.427222548
144.443435934
144.459288585
144.475720524
144.491276136
144.507666718
144.523267611
144.539682947
144.555478545
144.571246674
144.587213432
144.603296712
144.619222717
144.635116725
144.651314715
144.667354526
144.683196612
144.699311286
144.715288911
144.73139302
144.747383324
144.763496187
149.565810616
150.269594997
150.285450668
150.301610924
150.317549005
150.333741863
150.349550442
150.365577875
150.381454375
150.397901105
150.413527355
150.429638406
150.445584034
150.461820663
150.47761777
150.493693805
150.509662073
150.525541591
150.541579892
150.55769849
150.573521559
150.589524541
150.605461414
150.621681441
150.637495755
150.653757741
150.669390934
150.685575943
150.701536362
150.717576173
150.733557119
150.74961323
150.765639457
150.781564859
150.797559389
150.813515884
150.829659839
150.845684254
150.861653427
155.901815893
156.541632115
156.557788145
162.062856073
162.786248055
162.802165005
162.818088596
162.834171271
162.850166103
162.866115051
162.88198491
162.897961629
162.913902427
162.93004276
162.946046044
162.961849793
162.978001597
162.994060123
163.009995185
163.026018091
163.042000546
163.058161708
163.074187633
163.090319815
163.106273895
163.122058626
163.13811836
163.15418715
163.17020915
163.186114327
163.202111876
163.2181378
163.234223495
163.250305567
163.266268703
163.281996984
163.297971289
163.313876768
163.330121548
163.346018574
163.362098835
163.377999786
167.873262706
168.577384577
168.593425595
168.60928368
168.625536006
168.641343076
168.657397678
168.673286554
168.689628535
168.705399078
168.721470887
168.737317803
168.753557149
168.769464741
168.785400407
168.801268454
168.817365619
168.833146426
168.849522519
168.865252008
168.8813857
168.897154432
168.913206317
168.929331254
168.945153719
168.961339031
168.977327221
168.993296093
169.009297868
169.025451181
169.041388356
169.057428166
169.07326331
169.089381908
169.105452811
169.121479641
169.137590693
169.153557451
169.169329202
172.994550962
178.451530551
182.483937097
183.187881468
183.203802342
183.219832493
183.235776007
183.251797102
183.267882494
183.283973321
183.299974794
183.315866689
183.331899858
183.348000646
183.363784472
183.380182902
183.395866206
183.411970314
183.428022803
183.443973562
183.460066502
183.475977414
183.491763353
183.507976134
183.523760262
183.539853201
183.555889691
183.571935841
183.587815359
183.603887167
183.619849398
183.635828834
183.652006901
183.667876759
183.683894231
183.700204818
183.715803296
183.732052
183.748003665
183.763965291
183.779910918
187.668140592
188.308286154
188.32386169
193.236283751
197.694241999
202.45483481
203.177758592
203.193843985
203.209757916
203.225985791
203.24178954
203.257910855
203.273794901
203.289780979
203.305726606
203.321869656
203.337760645
203.353702952
203.369797702
203.385657599
203.401540438
203.417785217
203.43357508
203.449623343
203.465597648
203.481787185
203.497897633
203.513698363
203.529937709
203.545877601
203.56187998
203.577704256
203.593803836
203.609794442
203.625838781
203.641735204
203.65813937
203.673773468
203.689912896
203.705802375
203.721992819
203.737733779
203.753900676
203.769826078
207.369740649
211.386109195
212.026298225
217.114281876
227.899913515
232.445824623
236.668937829
251.870547092
263.471341612
267.503472248
271.998505446
276.638651611
291.893215343
300.727625694
312.598186975
316.923289044
321.871523639
325.790983172
329.454123908
333.312083968
337.200209799
341.263552183
345.24804336
348.383825858
351.583801708
355.524036472
359.543061163
363.47933782
367.303697141
370.584570267
373.832611816
377.131847936
381.308044055
384.589060267
388.109348431
391.565526558
394.700541402
397.788693496
400.768985071
403.921006914
407.569212077
411.239187731
414.904331066
419.033713336
422.601830534
426.298255952
430.176978563
434.095044065
437.42341115
441.010540663
444.466656604
448.146894296
451.937944785
455.057944061
458.370281297
461.938388231
465.041488878
468.833887213
472.353773891
475.938428077
479.52212866
483.138198959
486.722360495
490.055490167
493.079508074
496.56902854
499.511952051
502.541133126
505.485012052
508.669226717
511.646468208
514.942687751
518.285696993
521.758726052
524.799033717
528.446857619
531.744203737
534.848386887
537.71237014
544.003879017
544.067625604
547.363963782
550.484107653
550.531936082
556.819280374
559.55431967
