103.061769762
105.031854331
107.27292228
123.957510856
139.293144122
146.768377202
175.51051301
190.066082552
196.758334956
205.803673433
212.542923079
226.560455579
234.865777061
258.329639675
274.507295398
296.509103286
303.763468223
352.376269846
370.203908286
381.076343955
393.785838461
399.254052202
406.039300209
425.674058209
443.770740528
449.793963845
456.241165754
462.293380787
481.70918962
515.6224125
552.356868481
574.007705787
583.897077464
588.970269614
593.594448344
614.391237372
620.008444157
629.979830078
635.071974112
640.645226182
662.10698387
666.959216713
672.738462978
678.098616991
709.564836893
719.32022622
724.639435144
735.278009361
745.409232334
749.803385753
753.967560045
758.047702104
766.916032064
776.903433599
791.378973075
800.756332665
805.060632323
809.111668561
813.815768383
822.43211605
827.814368922
837.033719272
845.417985302
850.00914117
855.025392542
858.928560195
869.749973813
875.597120178
886.467638682
