87.8462715515
88.2622925977
96.9476270902
115.664242364
132.732973808
154.216810431
161.163064324
167.536273529
183.23292234
219.193282227
241.908139723
250.202463848
266.313081907
267.161166781
283.051708196
289.885965699
311.991819374
318.887015898
325.962349802
333.138517314
333.922614299
341.284933914
341.79794458
346.873136606
358.742501973
364.603815915
375.920250973
387.765698727
413.559681288
419.378902438
431.325358883
438.442633135
467.615744535
474.290998746
488.212588806
494.518733482
495.194793983
501.999020136
509.392332248
522.828845611
528.591055346
557.083144741
557.611160668
562.282341772
569.067616646
578.61592626
598.959765811
599.567759882
604.531840596
609.368140236
624.860760919
625.436749424
645.445534993
651.323750228
651.819789568
656.954916903
657.531511257
683.764970923
688.901163249
694.197365597
694.966402985
700.29860552
705.004795779
714.585158352
729.758660973
730.382685751
740.561145952
740.977064363
762.563978078
771.848339952
781.127685683
786.094876845
786.64285048
795.555239298
796.035248837
817.95408586
832.614643018
841.401953992
863.621844082
864.213835521
865.317962511
866.245910819
871.13009942
875.00526458
876.413275556
