107.952522946
123.567233627
147.239183203
186.482774599
210.231781374
217.208096429
264.147931518
289.45296775
296.30328841
328.995665161
345.072376117
358.723932931
365.415131487
372.90348221
398.635566812
406.195836019
413.732146183
419.748390359
440.071198526
446.409450613
474.43358806
488.364233049
499.679608597
505.875936964
512.871153849
534.179076251
540.022351288
553.973857539
578.211878848
582.695090855
587.143292093
591.255389041
602.98495364
608.232144221
613.192343696
618.361558791
624.041781993
634.861164399
639.133429126
658.018200287
663.665402339
668.273629175
678.35499314
683.715262649
693.910674843
698.089850107
703.865072999
720.590758582
743.43769197
748.286940995
752.559073202
762.945503887
767.457636758
777.07405149
801.316049923
805.608203593
809.578426025
814.475626642
823.454988763
847.479986235
851.768169119
865.111720216
869.518898963
878.33526117
888.613671648
