53.2042811065
62.2916456239
90.6848541746
96.561093913
107.167532175
113.042768501
124.353220867
129.489460696
134.144583489
140.448926629
152.94743283
159.156669721
169.815064472
190.26595325
204.191480954
208.255724116
214.303935014
218.432130939
221.937165963
225.425376016
234.067743635
242.147087492
257.460668127
274.196392363
278.916592382
298.237386478
310.107842708
319.345193264
331.043734784
338.80601142
360.892903814
379.137700573
389.267127822
392.419213963
405.06277638
438.744154533
442.168239756
452.807745053
466.599300569
470.039450055
473.655575898
480.887923881
484.472039835
487.869180833
494.33442952
503.138811753
512.692233967
515.923277271
519.508400562
526.276717295
529.524888648
532.613998874
538.854340348
541.830386136
551.496797321
557.32102563
562.968262397
