111.390997964
135.253599864
181.811272091
189.079579919
211.880647328
236.210572963
260.380707551
274.766474125
281.876516552
287.925060713
303.392386561
311.558411505
335.540742205
348.899388564
361.756656438
372.446576277
377.998467713
385.568832023
399.918506231
406.074264307
419.225204252
425.837384667
431.261715914
437.866169086
456.925850101
463.464093736
515.544089933
522.176525759
535.099159748
578.428454778
584.649931249
595.336276959
601.287722836
607.339887312
627.998412169
663.044524171
667.685474214
672.677601168
686.878260148
692.023534916
697.265662852
702.740228424
707.923074717
718.95206652
729.075982244
734.420685877
765.537014123
803.993034976
809.10842924
818.236304278
832.724046132
846.490803107
857.21908265
862.373387227
867.445529395
871.846895051
877.398116035
882.726230758
886.942470707
892.319718235
896.494894036
