118.221100645
126.196431908
142.177045276
149.815403772
157.497719832
165.443032938
174.36741505
196.128268977
203.900641321
219.323230783
227.077580641
244.550296058
251.757607929
266.302220699
294.719359313
319.435376936
328.527770893
341.873272366
342.472301857
355.812875016
366.580332328
391.484369071
411.931187749
443.374468824
450.56678354
470.224572742
475.909820856
481.827050785
495.740596101
503.097981251
509.40519094
527.884181912
541.197521052
547.29074696
552.451955281
589.622483808
590.279508678
612.3254139
617.101639903
622.722881521
637.774445882
642.158704016
647.096877316
652.575068336
657.252267112
677.169066878
681.778277505
713.030557899
723.249010247
740.040668097
744.693854701
750.217090617
755.184297679
759.958490896
770.873933157
780.56936935
785.815505804
791.134773047
795.16593076
799.598119658
813.518691881
822.421147736
827.49326817
836.761695538
841.212861733
851.650264513
