110.275889268
110.979905485
134.93886941
181.368801535
188.732101205
211.509975715
235.781030551
260.066038075
274.419628731
281.625915456
287.594158231
303.061814625
310.155091851
311.323145053
334.986117346
348.616614871
361.586210019
372.276182383
377.651868343
385.303268487
398.94673823
399.699777673
405.58300568
418.910571906
425.311823153
431.059071843
437.656331476
456.723095848
463.037381045
488.705435605
490.017483348
515.341531895
521.813732626
534.672326006
578.369121818
584.511383632
595.150817084
600.954014783
607.169306863
627.811144099
632.582348511
633.158374677
662.761591393
667.037767739
667.53073253
672.459017507
686.611569432
691.800731429
696.550983716
697.111006899
702.409226929
707.496396439
718.780895615
728.693318582
734.073518087
764.869792118
765.413793603
775.311209151
803.886327295
808.854589994
818.080517222
832.377524946
846.240132581
857.032568347
862.170767909
867.227096065
871.82018085
876.559385334
877.243440462
882.555621329
886.778802154
892.053016954
896.388191789
