88.5422499582
103.615713447
149.544812547
156.840126955
164.171412089
172.07599921
188.156472159
219.589248358
234.929074045
251.367677574
282.10960296
289.597877963
305.140231463
335.367589126
356.281161759
378.164125511
385.654337322
392.828856275
414.38563441
443.107555365
449.39865323
454.854105424
480.038233858
494.599248762
529.852897032
580.986283555
591.322677264
613.952867871
629.106732463
635.234949735
641.220248585
647.187957977
656.995936807
668.67959583
683.031586644
693.864707459
704.572346865
710.475783855
721.405369874
757.136206306
763.216149772
767.952945151
789.04180349
808.36954284
812.897903984
821.698271121
831.345672036
836.033850379
845.778927305
851.074899794
855.876110661
885.757361895
899.745657123
904.257468154
