96.2541439433
110.831891594
126.27200569
133.892058541
141.431489622
180.188413803
196.477082809
204.447547685
212.580936925
242.757555093
258.408943733
265.689529521
273.529747641
297.31518662
312.26002863
319.960379646
327.064569443
350.263760065
400.35045006
407.856639939
427.891419479
459.990181624
473.126595014
486.96658341
501.788467355
509.068724405
516.493226905
522.285400339
536.1090288
548.06074805
602.929211095
608.049979986
652.115925964
662.708419442
673.384882448
678.247844184
688.233286121
699.835647482
715.468900879
731.869147086
742.176087176
752.350960827
773.089034331
777.665283491
783.585605069
794.306153412
798.818226468
826.129558489
865.033275615
880.554604056
890.258916232
895.442131202
