95.8593268986
110.661129435
125.972828833
133.577187679
141.308644457
179.873566185
196.098329563
204.196723123
212.170113739
242.31474468
257.982400882
265.518780644
273.08714401
296.95233869
311.76907361
319.869487899
326.60581749
349.93309739
400.1955099
407.57386377
427.800879714
459.771459604
467.339912626
472.987133324
486.71582043
501.56956542
508.753913313
516.338275878
522.178645538
535.906440009
547.905966675
597.138294655
602.626641503
607.894840893
624.086665242
651.929122948
662.489617426
673.262100978
678.028352994
688.126022968
699.664434326
715.282195971
727.08978901
731.746094535
737.204384022
742.132538867
746.996787482
752.19604844
772.950151026
777.542320898
783.350594959
794.183229761
798.695424169
817.303283217
825.990715635
840.374446745
864.878679287
870.238962817
880.527450398
890.119917915
895.303170015
912.903057839
