88.6981297761
97.2944877374
115.866951932
132.936436839
154.627680702
161.670233842
167.867747053
183.691636895
219.476089782
242.309832599
250.597124404
267.476112422
283.287183737
290.409113398
312.098338669
319.298338367
326.245616498
334.173739587
341.905169642
347.268383994
359.153175426
364.758403178
376.410871478
388.112359235
413.746154879
419.646442711
431.497230511
438.693216571
467.962777851
474.65382399
488.591826015
495.573366177
502.346062508
509.675616151
523.079429349
528.749003307
557.782294832
562.565105254
578.882484858
599.818899661
604.638590216
609.602756961
625.576293694
645.584215316
651.959057628
657.782178009
684.159668005
689.120332779
695.152952647
700.59788964
705.19122892
715.030667083
730.441537354
740.79642558
762.910818198
781.429522399
786.829491609
796.174087943
818.272385256
832.929917092
841.493059599
