107.411624941
124.353289532
139.848340556
147.131686341
175.829007714
190.365138459
197.409362741
205.958357294
212.794229187
227.035138052
235.212813698
258.549038626
274.997927977
297.034838901
304.350208063
352.738314157
370.34274377
381.487790793
393.892570573
399.568963732
406.402149301
425.87752275
443.973571145
449.869514189
456.540701632
462.421310681
481.928413487
515.809806186
552.480223262
574.034429869
584.276882185
589.173146115
593.877373929
614.577930121
620.21172818
630.135039794
635.099332721
640.816153264
662.262103025
667.932138539
672.925129464
678.480435173
709.704422217
719.618989315
735.480813112
745.72843009
749.910578817
754.186322356
758.170682871
767.038755337
777.202199411
801.022940769
805.170426585
809.346780652
814.134028234
822.827406304
827.969511925
837.237189849
845.556856708
855.292170296
859.211351448
