200.373689398
204.901728351
208.838017988
212.406073605
221.174623079
232.633831971
237.43556168
283.98972468
306.266910476
319.459088748
325.026748614
329.540946873
342.201559455
371.416599476
375.916117844
379.532143466
384.795231375
400.399357019
405.043801799
417.799606363
429.3538077
446.441539592
453.305137056
456.746030649
468.540001419
480.668269189
488.073445035
491.897538711
495.513787717
499.0177825
502.95403863
509.789755773
535.939715851
539.524096242
543.154815339
549.490931704
553.04294117
571.750756106
581.543252548
605.053320031
612.448542048
630.607464617
