<<<<<<< HEAD
191.234374731
216.230526505
227.349702584
243.305285576
248.74996853
254.269896263
259.037499076
264.141475747
279.717574664
288.869301581
295.018378994
310.939051437
314.685515872
337.316554346
347.561406649
352.602996654
356.957557215
361.278752798
365.569292676
389.067450218
392.860055333
396.78369062
425.705064306
433.609358242
437.881460865
441.91356222
449.817873363
460.138417814
472.908685828
506.393229682
520.969854756
524.76321575
528.299113863
532.315181748
560.067327961
574.982467447
591.259150329
609.005535674
615.550719278
618.415416149
621.519376218
624.399496482
633.567270757
640.151130726
643.478870527
650.230087587
660.188520223
670.380003592
673.724006285
686.546686912
696.777405707
=======
191.234374731
216.230526505
227.349702584
243.305285576
248.74996853
254.269896263
259.037499076
264.141475747
279.717574664
288.869301581
295.018378994
310.939051437
314.685515872
337.316554346
347.561406649
352.602996654
356.957557215
361.278752798
365.569292676
389.067450218
392.860055333
396.78369062
425.705064306
433.609358242
437.881460865
441.91356222
449.817873363
460.138417814
472.908685828
506.393229682
520.969854756
524.76321575
528.299113863
532.315181748
560.067327961
574.982467447
591.259150329
609.005535674
615.550719278
618.415416149
621.519376218
624.399496482
633.567270757
640.151130726
643.478870527
650.230087587
660.188520223
670.380003592
673.724006285
686.546686912
696.777405707
>>>>>>> 926bc0538fcf5630958a3f1c79ad5755b1ad54e9
