<<<<<<< HEAD
190.839536088
195.082760109
215.915608289
226.987054951
243.166670038
248.562983009
254.051146574
258.402349748
263.810577792
269.174794239
274.040938571
279.450179084
288.570555092
294.638801037
300.432084451
310.56052489
314.530692382
332.809343148
337.305591067
347.326968526
352.496218034
356.559393485
360.89953316
365.334752218
388.84872317
392.752873416
396.661040029
409.35255917
413.304714138
425.550191913
433.390503502
437.662667103
441.678885318
449.727174098
460.063756247
464.943811911
472.769128157
476.92933699
506.270531093
517.147005082
520.831114848
524.576297546
528.016439787
532.256606781
546.328259016
560.024759297
567.788086135
574.955325196
578.123495523
584.748768601
588.207912289
591.136023691
598.642316301
608.88270366
615.476032354
618.356328005
621.396268899
624.212332557
633.540777826
640.092055562
643.340182238
650.171423267
656.766762409
660.033858535
670.337284296
673.697422491
676.849560554
686.407942778
689.259008753
692.795221413
696.750331377
=======
190.839536088
195.082760109
215.915608289
226.987054951
243.166670038
248.562983009
254.051146574
258.402349748
263.810577792
269.174794239
274.040938571
279.450179084
288.570555092
294.638801037
300.432084451
310.56052489
314.530692382
332.809343148
337.305591067
347.326968526
352.496218034
356.559393485
360.89953316
365.334752218
388.84872317
392.752873416
396.661040029
409.35255917
413.304714138
425.550191913
433.390503502
437.662667103
441.678885318
449.727174098
460.063756247
464.943811911
472.769128157
476.92933699
506.270531093
517.147005082
520.831114848
524.576297546
528.016439787
532.256606781
546.328259016
560.024759297
567.788086135
574.955325196
578.123495523
584.748768601
588.207912289
591.136023691
598.642316301
608.88270366
615.476032354
618.356328005
621.396268899
624.212332557
633.540777826
640.092055562
643.340182238
650.171423267
656.766762409
660.033858535
670.337284296
673.697422491
676.849560554
686.407942778
689.259008753
692.795221413
696.750331377
>>>>>>> 926bc0538fcf5630958a3f1c79ad5755b1ad54e9
