200.251053296
204.491298173
208.490311363
212.027512645
220.667893664
231.883276003
232.559385938
236.159489177
236.992579456
283.690536557
305.856404227
319.095954804
324.200085731
324.920192472
328.954290691
341.246805697
342.030879088
369.994983541
371.099078847
375.665264384
379.297360608
384.624794616
400.180244786
404.792469877
417.45299039
421.18114345
429.070423326
446.255173205
452.990409621
456.623595894
468.433347169
480.561524378
483.850677168
487.67516267
491.375023055
495.247189675
498.927337108
502.495483587
509.570777871
513.890864991
535.568839268
539.416994924
542.712138304
549.384340243
552.920554715
556.745631276
563.900007094
571.596332593
581.291725921
595.315038058
601.986487739
604.898745885
612.213986497
627.31661955
630.452882623
637.036012069
646.747370343
653.82270055
663.697026439
666.91322141
680.116778333
683.012935993
