<<<<<<< HEAD
187.427140742
188.130683628
188.146545034
193.874172841
198.021271201
203.029386044
207.541582609
211.477696558
215.045852395
218.869957844
219.510014656
223.8140354
224.518394842
224.534305452
224.549984831
224.56631353
224.582139617
224.598146826
224.614093661
224.630095738
224.6460631
224.662084798
224.678204604
224.694391425
224.71027215
224.726148649
224.742430257
224.758209856
224.774360755
224.790432563
224.80620522
224.822301178
224.838230202
224.854360573
224.870314653
224.886123836
224.902467326
224.918295829
224.934465141
224.950283078
224.966299041
224.982103695
224.998233161
225.014076152
225.0303158
225.046035931
225.062225771
225.078128533
225.094821588
225.109998657
229.989662495
235.273584498
240.075741353
240.716039961
245.945335143
251.405364816
252.045296654
256.909468273
257.564414472
257.580482055
261.676805139
262.316546498
266.800825008
272.003035897
272.643343562
272.659320282
277.286243678
282.356533578
286.628877394
291.508944228
292.232908855
292.248969495
297.658206989
298.362359046
298.378478248
303.482432883
304.122459206
304.138508978
308.906657872
313.33773076
317.324861178
322.098134902
327.666332699
331.939656382
335.555684722
339.734326885
344.841108222
350.201507534
355.242532741
359.596775737
363.697908199
368.245290013
373.81645971
378.315460675
382.171776454
387.194864302
391.467074693
395.259417181
399.183387846
402.798477976
407.442613039
411.906800656
416.04302358
423.703607788
431.752915979
436.008207517
440.281089868
444.313328272
462.539110603
470.939321912
475.307563177
486.43697322
490.473209577
501.417491499
505.160680352
508.620810549
512.188924727
516.229198583
519.609123086
523.370767004
527.162636162
530.698676153
534.715078207
538.147265293
541.922262086
545.362496698
548.578537716
551.69888716
555.442796877
559.155136528
562.486220132
566.262298219
570.182377792
573.958822349
577.189681513
580.357729281
583.750828253
587.002164703
590.490215368
593.657616835
597.660533191
600.988775906
604.252930318
607.452795383
611.213112285
614.670189378
617.710390483
620.574459768
623.678473267
626.574744732
629.615024323
632.767017791
635.813977743
639.478208226
642.358293776
645.685465459
649.109527439
652.437909316
656.120944427
659.032856632
662.395058706
665.97927488
669.195567053
672.539660609
675.883799142
679.135972071
682.222947177
685.298277988
688.706453507
691.557458806
695.959698372
=======
187.427140742
188.130683628
188.146545034
193.874172841
198.021271201
203.029386044
207.541582609
211.477696558
215.045852395
218.869957844
219.510014656
223.8140354
224.518394842
224.534305452
224.549984831
224.56631353
224.582139617
224.598146826
224.614093661
224.630095738
224.6460631
224.662084798
224.678204604
224.694391425
224.71027215
224.726148649
224.742430257
224.758209856
224.774360755
224.790432563
224.80620522
224.822301178
224.838230202
224.854360573
224.870314653
224.886123836
224.902467326
224.918295829
224.934465141
224.950283078
224.966299041
224.982103695
224.998233161
225.014076152
225.0303158
225.046035931
225.062225771
225.078128533
225.094821588
225.109998657
229.989662495
235.273584498
240.075741353
240.716039961
245.945335143
251.405364816
252.045296654
256.909468273
257.564414472
257.580482055
261.676805139
262.316546498
266.800825008
272.003035897
272.643343562
272.659320282
277.286243678
282.356533578
286.628877394
291.508944228
292.232908855
292.248969495
297.658206989
298.362359046
298.378478248
303.482432883
304.122459206
304.138508978
308.906657872
313.33773076
317.324861178
322.098134902
327.666332699
331.939656382
335.555684722
339.734326885
344.841108222
350.201507534
355.242532741
359.596775737
363.697908199
368.245290013
373.81645971
378.315460675
382.171776454
387.194864302
391.467074693
395.259417181
399.183387846
402.798477976
407.442613039
411.906800656
416.04302358
423.703607788
431.752915979
436.008207517
440.281089868
444.313328272
462.539110603
470.939321912
475.307563177
486.43697322
490.473209577
501.417491499
505.160680352
508.620810549
512.188924727
516.229198583
519.609123086
523.370767004
527.162636162
530.698676153
534.715078207
538.147265293
541.922262086
545.362496698
548.578537716
551.69888716
555.442796877
559.155136528
562.486220132
566.262298219
570.182377792
573.958822349
577.189681513
580.357729281
583.750828253
587.002164703
590.490215368
593.657616835
597.660533191
600.988775906
604.252930318
607.452795383
611.213112285
614.670189378
617.710390483
620.574459768
623.678473267
626.574744732
629.615024323
632.767017791
635.813977743
639.478208226
642.358293776
645.685465459
649.109527439
652.437909316
656.120944427
659.032856632
662.395058706
665.97927488
669.195567053
672.539660609
675.883799142
679.135972071
682.222947177
685.298277988
688.706453507
691.557458806
695.959698372
>>>>>>> 926bc0538fcf5630958a3f1c79ad5755b1ad54e9
