29.2715323549
29.287562344
29.3037345147
29.3197542402
29.3355046962
29.3515751362
29.36757524
29.3834959516
29.3998112095
29.4156926777
29.4316864423
29.4476829237
29.4636386524
29.4796091728
29.4957248935
29.5116637174
29.5279098466
29.5437288275
29.559583731
29.5757821646
29.5916494449
29.6077186773
29.6235835427
29.6397252243
29.6555792223
29.6716086077
29.6874257773
29.7037346959
29.719512924
29.7356262297
29.7518500205
29.7675443283
29.7835115282
29.7995300462
29.8157807035
29.8315175753
29.8476704262
29.8638401819
29.8796999154
29.8956797939
29.9116397488
29.9277491302
29.9437465172
29.9598163534
29.9757790251
29.9916946049
30.0076319194
30.0237699786
30.0396372589
30.055570951
30.0717606303
30.0875693475
30.1037596305
30.1196317407
30.1356928226
30.1517508858
30.167733783
30.1836240056
30.199505172
30.2155907055
30.2317812904
30.2477533201
30.2637636876
30.2798069591
30.2958079686
30.311684305
30.3277209353
30.3437255673
30.3597461984
30.3757330199
30.3917225582
30.4076906637
30.4237281996
30.4396815133
30.4556097717
30.4716304028
30.4875951877
30.5037395862
30.5196554678
30.535668854
30.551739294
30.5677095125
30.5835653217
30.5996508552
30.6156693732
30.6317763397
30.6477830847
30.6637080225
30.6797099376
30.695889655
30.7117173902
30.7276432336
30.7439129088
30.7598825236
30.7757193149
30.7918742789
30.8078070654
30.8237573604
30.8396934674
30.855854167
30.8715708134
30.8876533282
30.9036612807
30.9197588891
30.9356029253
30.9516754783
30.9678017645
30.9836282921
30.9997379754
31.0157423054
31.031820594
31.0478400177
31.0637740116
31.0797092131
31.0957630501
31.1117447397
31.1277288444
31.1438644886
31.1598331978
31.1756905163
31.1917177886
31.2077021952
31.2236380003
31.2394850552
31.2558301984
31.2716153696
31.287665886
31.3037360241
31.3198550654
31.3356263505
31.3516219263
31.3676730464
31.3835243275
31.3997810223
31.4159308545
31.4318062853
31.4478815552
31.4638668674
31.4797353551
31.4958706975
31.511831558
31.5278476611
31.5439313834
31.5596534634
31.5758014844
31.5917312521
31.6077811648
31.6237462515
31.6396965465
31.6555825429
31.6715403847
31.6877222153
31.7037383183
31.719585977
31.7356177773
31.7518382475
31.767606212
31.7836298619
31.7997929764
31.8158353423
31.8318659352
31.8479988625
31.8639026693
31.8797563654
31.8959870992
31.9117852509
31.927718943
31.9438002503
31.9597176413
31.9758798502
31.991941234
32.0079313761
32.0237419046
32.0395826202
32.0556735874
32.0714865308
32.0876119114
32.1037430275
32.119675814
32.1357103312
32.1518082415
32.1678409474
32.1836197794
32.1998173073
32.2159345373
32.231817515
32.247803129
32.2638596828
32.2799047655
32.2960259199
32.311752528
32.3278588907
32.3437524338
32.3598744938
32.3759911201
32.3917756876
32.4078582024
32.4238423071
32.4398113181
32.4557791217
32.4715926689
32.4877219738
32.5038274308
32.5197810464
32.5357280209
32.5517069937
32.5677544914
32.5839055311
32.5998618635
32.6159621888
32.6317669816
32.647885721
32.6638483928
32.6799109841
32.6960306291
32.7119205498
32.7277736421
32.7439717738
32.7599821413
32.7757540301
32.7919089941
32.8079217766
32.8237093628
32.8399503602
32.8557898683
32.8719563035
32.8876439701
32.9038173483
32.9197395693
32.9356886568
32.951669139
32.9677338434
32.9838408098
32.9998406118
33.0158524886
33.0318740253
33.0479981984
33.0638543095
33.0798933548
33.0960582806
33.1119186178
33.1277810682
33.1440522528
33.1599614933
33.1759754832
33.191978002
33.2079738796
33.2237273543
33.2398527349
33.2558730642
33.2717771728
33.2876631692
33.3040858934
33.3198209539
33.3357727583
33.3518963276
33.3678040587
33.3838092944
33.3998631314
33.4161204299
33.4319723147
33.4480158881
33.4639172799
33.4797610142
33.4959090352
33.5119178933
33.5279502974
33.5440415665
33.5599489958
33.5758678961
33.5919636933
33.6079097621
33.623754402
33.6397859005
33.6557660809
33.6718024093
33.6876518792
33.7037289603
33.7197915516
33.7359271958
33.751768817
33.7677767695
33.7838571712
33.8000142483
33.8159645434
33.8318982354
33.8479879952
33.8640122487
33.8799157537
33.8959535915
33.9119150557
33.9277711668
33.943986807
33.9598051841
33.9760763687
33.9918875009
34.0078691906
34.0236872658
34.0399913544
34.0556926053
34.0717449329
34.0878093354
34.1039661107
34.1197799597
34.1357857991
34.1520334377
34.1680048638
34.1838325989
34.1998511169
34.2159472159
34.2320143353
34.2478822193
34.2640555975
34.2800943409
34.2959169442
34.3120547016
34.3280294482
34.3439616309
34.3598307224
34.37605723
34.3919543956
34.407715719
34.4237182378
34.4399000684
34.4557625188
34.4716563638
34.4877512553
34.503994064
34.5198347796
34.5358705043
34.5518793624
34.5678251294
34.5837938386
34.6002343732
34.615914493
34.6319553496
34.6479485104
34.664083249
34.6799239646
34.696089796
34.711830592
34.7279025413
34.7439020414
34.7599281062
34.7761310678
34.7919367663
34.8077720483
34.8238793165
34.8397982169
34.8559395967
34.8718144238
34.8876750629
34.9039371914
34.9198271121
34.9356968073
34.9518034719
34.9677075805
34.9838743175
34.9999981888
35.0158621485
35.0319796804
35.0479408428
35.063874233
35.0799685208
35.096052545
35.1119379376
35.1288828998
35.1451039737
35.1610234778
35.1768750608
35.1930931159
35.2087481805
35.2247971875
35.2407616705
35.2569573872
35.2729076822
35.2887390398
35.3049229835
35.3211971868
35.3368160267
35.3531687167
35.368819555
35.3848767126
35.4009616424
35.4171884518
35.4330026027
35.44903229
35.4650124703
35.4810605718
35.4969924526
35.5130438746
35.5289123624
35.5453136537
35.5610197346
35.5769205226
35.5929354182
35.6088398287
35.6248692141
35.6406785351
35.6569741713
35.672765078
35.6887989915
35.7048332068
35.7209724735
35.7369752942
35.7531800671
35.7688731674
35.7849849638
35.8010013687
35.8169362683
35.8330124438
35.8490360936
35.8649568052
35.8810187927
35.897039122
35.9131309948
35.9288283214
35.9452549699
35.9610247456
35.9772545738
35.9930765734
36.0088548015
36.02494275
36.0409642868
36.0568641692
36.072880876
36.088774721
36.1049327037
36.1208437555
36.136929289
36.1532143597
36.1688498025
36.1851463444
36.2009118939
36.2170110117
36.2330678674
36.2489789191
36.2649491376
36.2810847819
36.2971274496
36.3129633353
36.3289444212
36.3451872299
36.3610068145
36.3773139218
36.3929436291
36.4088238899
36.4248988579
36.4409493743
36.4569328752
36.4729218098
36.489017607
36.5050059378
36.5207844679
36.5369023017
36.553016513
36.5688623604
36.5849832129
36.601504951
36.6170232677
36.6330659354
36.6491034713
44.2987261619
44.3144047725
44.3305847918
44.3464267149
44.3623498415
44.3783242862
44.3943871794
44.4102460073
44.4263653504
44.4424288473
44.458452799
44.4742826473
44.4903361824
44.5062556865
44.5223312583
44.5383401164
44.5547423133
44.5704800907
44.5865218528
44.6023876237
44.6184728554
44.6344261691
44.6507547093
44.6664807137
44.6823347117
44.6986662706
44.7144870627
44.7308614874
44.7464338391
44.7623340234
44.7782272647
44.7943789081
44.8105583237
44.8262734607
44.8423318258
44.8581432598
44.8742351327
44.8903644376
44.9064671778
44.9225620693
44.9383466368
44.9547189484
44.9703441277
44.9864052096
45.002559268
45.0184769609
45.0345310997
45.0506329343
45.0663879184
45.082487338
45.098280056
45.1144528304
45.1305534575
45.1464530381
45.1624244642
45.1783672124
45.1943932772
45.2103517228
45.2265075924
45.2423938906
45.2582454736
45.2742917638
45.290349827
45.3065793533
45.3223769013
45.3385288466
45.3544963483
45.3703750997
45.3864784436
45.4024465491
45.4185236302
45.4346136918
45.4506946973
45.4664783591
45.4824609544
45.4985449786
45.5144913493
45.5306571807
45.546545592
45.5624602661
45.5783012836
45.5942896145
45.61042224
45.6263529133
45.6424942931
45.6582465603
45.6744507294
45.6903518194
45.7063763748
45.7224537578
45.7385604223
45.7545167548
45.7705868929
45.7865091138
45.8024711818
45.8185373956
45.8345302545
45.8506351078
45.8666044207
45.8825166799
45.8985240287
45.9145519047
45.9306160054
45.946593167
45.9623879981
45.9784472688
45.9944002806
46.0103560093
46.0264638814
46.0425131903
46.0583312655
46.0745037381
46.0904051299
46.1065570752
46.1224352229
46.1386789371
46.1548293731
46.1705239828
46.1865391802
46.2024435908
46.2184922959
46.2345998661
46.2506298552
46.2665553968
46.2827257562
46.2985700943
46.3145695944
46.3303454076
46.3466002911
46.3624008578
46.3783825475
46.3945734342
46.4104995795
46.4263855758
46.4423717936
46.4583284279
46.4744369037
46.4903678789
46.5064829959
46.5225944904
46.5385290881
46.5545566622
46.5708562228
46.5867044851
46.602892655
46.6186277156
46.6344986183
46.6506457337
46.6664779969
46.6826706948
46.6986831754
46.714462913
46.7306999861
46.7466252257
46.7623412683
46.7785620404
46.7945084111
46.8108411775
46.8263501361
46.8425370985
46.8583944171
46.87447663
46.8904178689
46.906539627
46.9226979116
46.9384830828
46.9546443861
46.9708874967
46.9864867149
47.0026670362
47.0186961197
47.0346370567
47.0506567822
47.0666034547
47.0826349532
47.0986226803
47.114428077
47.1307484666
47.146507375
47.1623936733
47.1783557413
47.1945562879
47.2103683257
47.2265546844
47.2424252853
47.2583888626
47.2744798298
47.2905104227
47.306742364
47.3225236109
47.3385780516
47.3546445672
47.3708417933
47.3865563265
47.4027668349
47.4184514829
47.4345391295
47.4505935703
47.4666612934
47.4824932547
47.4987267053
47.5144744445
47.530538847
47.546634946
47.5625149049
47.57868617
47.5944031182
47.6104681245
47.6264778882
47.642708622
47.6582667857
47.6745603088
47.6905404891
47.7066978681
47.7226046936
47.7386890197
47.7547075377
47.7705998733
47.7868514363
47.8027748647
47.8185573191
47.8346594556
47.8508044578
47.8667553566
47.8825468671
47.8985330848
47.9146038266
47.9304327693
47.946555433
47.9624616548
47.9784421369
47.9944851066
48.0104471746
48.026681229
48.0425789983
48.0583753388
48.0745758854
48.0906315336
48.1067877051
48.1225402742
48.1388235337
48.1548236375
48.1706115256
48.1866297417
48.2027427456
48.2186749283
48.2347468776
48.2506250253
48.2666251291
48.2825011637
48.2987008047
48.3145695944
48.3306195071
48.3467056443
48.3624533835
48.3785174841
48.3945586425
48.4104736185
48.4266977111
48.4424711094
48.4585122678
48.4745413513
48.4906905797
48.5065041269
48.5226029428
48.5385734632
48.5547036737
48.5706424976
48.5866356584
48.6027296443
48.618680845
48.63462631
48.6506994668
48.6666370832
48.6825420975
48.6988051316
48.714695656
48.7306208957
48.746631565
48.7624864686
48.778492308
48.7945138447
48.8106180943
48.8265182786
48.8424389902
48.8585532016
48.8747232592
48.8907176274
48.9065948695
48.9229602381
48.9384196898
48.9546848369
48.9706167178
48.9866877615
49.0024907431
49.0189530125
49.0346596971
49.0506374624
49.0667420138
49.0827792479
49.0988330849
49.114515016
49.1306029645
49.1467132515
49.1624374446
49.1785637308
49.1947455614
49.2104981305
49.2265145354
49.2426172756
49.2585346666
49.2747394395
49.2908023326
49.3066240303
49.3226132668
49.3387311006
49.354689848
49.370729497
49.3866547367
49.4027592881
49.4187681463
49.4346858391
49.4508145403
49.4667083853
49.4828068993
49.4985265644
49.514529687
49.5304313806
49.5466708687
49.5624560399
49.5784057312
49.5946594073
49.6104759731
49.6265104903
49.6425969295
49.658571978
49.6746550965
49.6906760295
49.7068424646
49.7225681672
49.7385749122
49.7548790008
49.7708724634
49.7865972603
49.8031171872
49.8186720303
49.8346781716
49.8507471022
49.8668890857
49.8824264203
49.8985201044
49.9146491074
49.9304445423
49.9467208587
49.9629096323
49.9786341273
49.9946635127
50.0107258021
50.0266060629
50.0425560561
50.0585292933
50.0747129351
50.0909771767
50.1066394861
50.1226893988
50.1390194484
50.1548133739
50.1706492595
50.1868664091
50.203005072
50.2185970454
50.2349071714
50.250891578
50.2669369626
50.282441695
50.2988140066
50.3147655091
50.3308628156
50.3466561374
50.3628871731
50.3785681985
50.3946392422
50.4105717268
50.4265920561
50.442878938
50.4587057675
50.4746977208
50.4908596279
50.5067576991
50.5226895799
50.5391120022
50.5554242414
50.570648535
50.5867138432
50.6029288796
50.6187689915
50.6347630579
50.6508953815
50.6668215268
50.682630244
50.6985729923
50.7146126413
50.7307944719
50.7467538231
50.7626075191
50.7787386353
50.7947574552
50.810590624
50.8268310177
50.8427293908
50.8587343246
50.8747504276
50.890857394
50.9068270088
50.9227975292
50.9387402775
50.9547883789
50.9707444095
50.9867753042
51.0027835586
51.0187018552
51.0348444425
51.0509637857
51.0669237406
51.0825643153
51.0985780033
51.1146780267
51.1308625741
51.1465858617
51.1626550941
51.1786035779
51.1945704759
51.2105859752
51.2267904461
51.2428786965
51.258639718
51.274773551
51.2908403685
51.3068253787
51.3227207331
51.3388913944
51.3547979181
51.3707959088
51.3867594862
51.4028598114
51.4188245963
51.4347927017
51.4508631417
51.4668393976
51.4826632084
51.498539243
51.5146839434
51.5307595151
51.5468731227
51.5625725624
51.5785663269
51.5947874008
51.610523367
51.6266291259
51.6428106546
51.6587808732
51.6747921463
51.6908779817
51.7067410358
51.7228289843
51.7387714306
51.754939677
51.7708160134
51.7867820058
51.8029731944
51.8189941274
51.8348943117
51.8508406824
51.8667656202
51.8828267021
51.8986345137
51.9148260042
51.9308212781
51.9469010761
51.9627140195
51.9786471078
51.9946921905
52.010648523
52.0267014544
52.0428374005
52.0588372024
52.074826137
52.0908289577
52.1069395466
52.1228092419
52.1388051195
52.1548067327
52.170881097
52.186932519
52.2028064405
52.2188741636
52.2350333538
52.2508435804
52.2666779567
52.2829853659
52.2987560472
52.3147555473
52.3307734616
52.3470180815
52.3626737498
52.3786738536
52.3946987109
52.4107622078
52.4268414021
52.4429030877
52.4588603258
52.4747976403
52.4908176677
52.5070085544
52.5228655711
52.5388846929
52.554806612
52.5708969754
52.5869384357
52.6027706989
52.618812461
52.6348614681
52.6510749952
52.6668468841
52.6827072213
52.6988673171
52.7148810052
52.7308826184
52.7468896653
52.762664271
52.7787096556
52.794873072
52.8109471344
52.8267748695
52.8428151223
52.8589148438
52.8748545733
52.8908368667
52.9068179527
52.92295088
52.9388577055
52.9549842936
52.9709258344
52.9868531871
53.0029655872
53.0188108309
53.0350294898
53.0508345846
53.0669161938
53.0828393204
53.0988756488
53.1147912286
53.1309187223
53.1467515892
53.1628027094
53.1785972386
53.1947621644
53.2111402115
53.2269193453
53.2430027657
53.2589953228
53.2748792061
53.290836746
53.3070789509
53.3229193646
53.3388648297
53.3549174592
53.3709800505
53.3868138231
53.4028948285
53.4188701789
53.4351655132
53.4509081205
53.4668572081
53.4827601092
53.4988918291
53.5148677832
53.5308014753
53.5468323701
53.5627105178
53.5786104002
53.5947514781
53.6106531718
53.6269980131
53.6430044562
53.6589384502
53.6750061733
53.6909277905
53.7070066828
53.7231405158
53.7390038718
53.7550296347
53.7709732886
53.7869733924
53.8030088153
53.8189114146
53.8350334745
53.8509562992
53.8668371638
53.8827062553
53.8987386594
53.914899359
53.930750942
53.9468171557
53.9627484328
53.9789245279
53.9948881052
54.0108148543
54.0270223439
54.0430610874
54.0588746345
54.0750996327
54.0910206462
54.1069712431
54.1228774649
54.138865192
54.1552661814
54.1708750595
54.1868694278
54.203111029
54.2189239724
54.2355154428
54.2510464381
54.2669212652
54.282702814
54.2988595892
54.3151087372
54.3307124835
54.3469595184
54.3628482316
54.3787707544
54.3948324401
54.4108470338
54.4268734005
54.4428686744
54.4590746547
54.4749884232
54.4909836971
54.5070737587
54.5230977104
54.5392016581
54.554935813
54.5708734294
54.5869951876
54.6030716649
54.618941964
54.6348865234
54.6510046591
54.6668103576
54.6829287951
54.6988875425
54.7148052354
54.7308838259
54.7468615912
54.7632607694
54.7787271642
54.7948821282
54.8109305315
54.8269626337
54.8428757985
54.8589060895
54.875123541
54.8909343713
54.9069706997
54.923049894
54.9390502997
54.9550096508
54.9710858263
54.9869860107
55.0029423431
55.0188026804
55.0348447444
55.051031103
55.0668229154
55.082906034
55.0988270475
55.1148848088
55.1308366132
55.1470661395
55.1628709324
55.1786983656
55.1948551408
55.2108745645
55.2270413015
55.2429611075
55.258931326
55.2750446317
55.2908832342
55.3070635555
55.3230156617
55.339049877
55.355073225
55.3710316706
55.3869889086
55.4029950499
55.4190280578
55.4547868695
55.4703519763
55.48591497
55.5019823912
55.5178442378
55.5337703831
55.5498954618
55.5660498221
55.5818244278
55.5979636945
55.6138578414
55.6298307768
55.645841748
55.6619384508
55.6778775766
55.6939806186
55.7100583035
55.7261067068
55.7419715721
55.7580320503
55.7741362999
55.7901521011
55.8060393049
55.8221115561
55.8379519698
55.8541938729
55.870117905
55.8860742375
55.9018406927
55.9177574799
55.9338526733
55.9499418293
55.9659150666
55.9819103405
55.9979690074
56.0139292642
56.0299453673
56.0460447869
56.0617556977
56.0780012232
56.094036646
56.1099473958
56.1261274152
56.1419774888
56.1582052039
56.1740610131
56.1902202033
56.2062634748
56.221940576
56.2380852763
56.2540947382
56.2701195955
56.2858510336
56.3021771588
56.3180154595
56.3340149596
56.350173546
56.3659131346
56.3819576136
56.3978239883
56.4140024983
56.4299047957
56.4460268557
56.4618247055
56.4780442701
56.4941125969
56.5099762548
56.5259691137
56.5420416667
56.5578971741
56.5739639915
56.590092089
56.6060511383
56.6220310167
56.6381132296
56.6542706086
56.6700207627
56.6859710578
56.7021106263
56.7179157211
56.7340000471
56.7500952405
56.7661010799
56.7819043634
56.7978594884
56.8140180749
56.8299028637
56.8460273387
56.8619921236
56.87809426
56.8941565494
56.9100624693
56.9260526114
56.9420946754
56.95802716
56.9741214478
56.9901734736
57.0062212731
57.0220281791
57.0381445036
57.0542526775
57.0700949024
57.0858338873
57.1019734558
57.1179983131
57.1340811298
57.1499499195
57.1661039779
57.1820603103
57.1978850267
57.2138917718
57.2298855363
57.2460507639
57.2619929084
57.2779942198
57.2942312929
57.3103053553
57.3260938471
57.3421751544
57.3580997903
57.3741131765
57.3901485993
57.4062917904
57.4220624717
57.4380737448
57.4541456941
57.4701687402
57.4861129978
57.5021167241
57.5178279368
57.5341003289
57.5489264538
57.5651152274
57.5809954882
57.5970463065
57.6130153176
57.6289752725
57.6452805686
57.6614264764
57.6772360993
57.6931697913
57.7090871823
57.7253242554
57.7412594569
57.7572070351
57.7731485758
57.7891287561
57.8051182944
57.8212306946
57.8370191864
57.8531723391
57.868937285
57.8849271252
57.9011711413
57.9172512411
57.9329938485
57.9490235357
57.96549305
57.9809929525
57.9969972826
58.0129342952
58.0292420063
58.0451207577
58.0611896883
58.0771940184
58.0931769155
63.8382152019
63.8543052635
63.8702597847
63.8862906795
63.9023297248
63.9182972265
63.9342212586
63.9503182633
63.9663035754
63.9823661667
63.9984266449
64.0144569359
64.0305101692
64.0465123861
64.0624204191
64.0783559224
64.0943892321
64.1104515215
64.1263526115
64.1423937699
64.1583881381
64.1745793267
64.1903318958
64.2063226416
64.2222819928
64.2383143969
64.2542776724
64.2703508292
64.2863147085
64.302480238
64.3181573391
64.3344351649
64.3504005535
64.3663556785
64.3823503486
64.3983483394
64.4144628526
64.4303832623
64.4465183028
64.4624785596
64.4786280899
64.4943540943
64.5103385008
64.5263615469
64.5424721357
64.558419412
64.5743697071
64.5903429443
64.6063288602
64.6222003667
64.6381720946
64.6543536233
64.6702245261
64.6862584396
64.7024834378
64.7182993999
64.7345829613
64.7503177199
64.7663317099
64.7823453979
64.7983098809
64.8144168473
64.8304163474
64.8465233139
64.8629614335
64.8783517566
64.8945990933
64.9104624493
64.9264293472
64.9424034901
64.9584642702
64.9902106038
65.0095801992
65.0223357863
65.0383687942
65.0545267769
65.0704568465
65.0862882041
65.1021763136
65.1185770011
65.1343923595
65.1505129101
65.1664997316
65.1824319144
65.1985494463
65.2143572579
65.2305698794
65.2466424324
65.2626105379
65.2785167596
65.2944009447
65.3104508574
65.3266565359
65.3423979357
65.3584496596
65.374438896
65.3902633106
65.4064581216
65.422558145
65.4382086815
65.4545381273
65.4703531838
65.4863224967
65.5024025966
65.5182463309
65.5344040118
65.5503600423
65.5664344066
65.5824791875
65.598461179
65.6146907053
65.6304390482
65.6467011766
65.6624033331
65.6784864517
65.6944916874
65.7105615236
65.7265305346
65.7424361526
65.7584489351
65.7743868534
65.7905158564
65.8064136258
65.8223400729
65.8383902875
65.8544749154
65.8704931315
65.8863181498
65.9023517614
65.9185028011
65.934352271
65.9503907125
65.9664367008
65.9826055509
65.9984130607
66.0145595723
66.0304555304
66.0464508043
66.0624551343
66.0786593034
66.094594203
66.1105218576
66.1265995425
66.1426159474
66.1585888828
66.1745452152
66.1904463052
66.2066842839
66.2223915722
66.2383717525
66.2544376644
66.2703952043
66.286318029
66.3023945064
66.3183991383
66.3343711681
66.3505789597
66.3665835916
66.3825740355
66.3984929359
66.414433571
66.4307624131
66.4466508244
66.4625395376
66.4783998749
66.4944736354
66.5104510989
66.5265810076
66.5424301756
66.5585172185
66.5743944605
66.5903619622
66.6063472744
66.6223108517
66.6383064275
66.6545268977
66.670403536
66.6863438693
66.7025260017
66.7184762967
66.7343822166
66.7507539245
66.7664895887
66.7824489399
66.7984659486
66.8146329874
66.8306717309
66.8466223278
66.8625388131
66.8784981643
66.8946108663
66.9108434113
66.9267070692
66.9425568409
66.9584313662
66.9745045229
66.990402896
67.0064223197
67.022437819
67.0383956608
67.0546393751
67.0703161743
67.0865269846
67.1025524457
67.1182823744
67.1345354467
67.1505590965
67.1664493191
67.1824352349
67.198679553
67.2146002646
67.2305578045
67.2466191883
67.2627569456
67.2786438476
67.2945213915
67.3106989959
67.3266121607
67.3425989822
67.3584683756
67.3744135388
67.3905838983
67.4064264251
67.4225475795
67.4385024026
67.4545366179
67.4703202798
67.4863967572
67.5025840214
67.5184959788
67.5345151005
67.5506936105
67.5665385523
67.5826515562
67.5987642582
67.6147803612
67.6306204731
67.6466827625
67.6625859655
67.6785782207
67.6944862537
67.7108033228
67.726731883
67.7425885978
67.7583224509
67.7743702504
67.7905119321
67.8064329455
67.8223784106
67.8385321671
67.8546578496
67.8704976596
67.8865865137
67.9025017916
67.9184695952
67.9345134704
67.9508679716
67.9666018246
67.9825152913
67.9985999192
68.0146157204
68.0306291066
68.0467686751
68.0627186683
68.0786007403
68.0946198621
68.1106676616
68.1266937264
68.1428254463
68.1585472245
68.174489369
68.190486756
68.2063621868
68.2225488474
68.2385238959
68.2545119248
68.2706647757
68.2865266224
68.3025034821
68.3184827568
68.3346359096
68.3507208393
68.3666050245
68.3825184911
68.3988186554
68.4146165053
68.4306407588
68.4466828228
68.4625827053
68.4786084682
68.4947510555
68.5106373537
68.5266262883
68.5428159676
68.5584486936
68.5745007194
68.5905796117
68.6066412974
68.6224934841
68.6384920786
68.6546856822
68.6704940975
68.686546727
68.7025706787
68.718529728
68.734804837
68.7507140774
68.7667549339
68.782643949
68.7986639764
68.8145406147
68.83080546
68.8468327323
68.8627383503
68.8787894705
68.894602112
68.9107283982
68.9267046542
68.9427901877
68.9585838113
68.9745485962
68.990659487
69.006576878
69.0226657321
69.0385653127
69.0545687371
69.0704985048
69.0866057731
69.1026369697
69.1185136081
69.1347201921
69.1505889818
69.1666905145
69.1826972595
69.1986668744
69.2147198057
69.2309146168
69.2467903495
69.2627004956
69.2785400037
69.2947429653
69.3107536347
69.3267371356
69.3426237357
69.3586386312
69.3744419148
69.3905217127
69.4066446783
69.4224539993
69.4385956809
69.4545800875
69.4706653191
69.4864384155
69.5027470321
69.5186076713
69.5346584896
69.5507914169
69.5666520561
69.5826687629
69.598901006
69.6147688901
69.6306533771
69.6468777716
69.6626855832
69.6787037993
69.6946516793
69.7107000827
69.7268324063
69.7424766034
69.7585222899
69.7745009609
69.7905801551
69.8065648635
69.8225550055
69.8384790377
69.8545214036
69.8705818818
69.8864606332
69.9025286582
69.918415862
69.9347981354
69.9507079796
69.9666634065
69.9827549774
69.9988915272
70.0147165455
70.0306882734
70.0468205971
70.0626169375
70.0785898729
70.0946757083
70.1109565528
70.1268890374
70.1423913549
70.1586057876
70.1745687612
70.1906805576
70.2067008868
70.2226910289
70.2386760392
70.2546112406
70.2707260557
70.2865498665
70.3025828743
70.3185627528
70.3346820959
70.350914641
70.3666427584
70.3826845206
70.3988153348
70.4147457063
70.430828523
70.4467996472
70.4627351505
70.4787859688
70.4946650221
70.510737877
70.5267717905
70.542560886
70.5586415896
70.5747657627
70.5906979454
70.6064912672
70.6226145346
70.6385941112
70.6547101338
70.6705487363
70.6866137425
70.702753613
70.7186435336
70.735025807
70.7507976959
70.7666779567
70.7826880223
70.7989112093
70.8147464912
70.8306868244
70.8468257893
70.862757972
70.8786626844
70.8949390008
70.9107130028
70.9267931026
70.9426042348
70.9589834894
70.9747119088
70.9906591851
71.0066300074
71.0226527516
71.0386604022
71.0546973344
71.070730946
71.0866652418
71.1026333473
71.1186470353
71.1349930841
71.15092255
71.1667871135
71.1828107633
71.1988262626
71.2147053159
71.230791755
71.2470572041
71.2627566437
71.2787470877
71.2948842413
71.3106854117
71.3268186409
71.3426946755
71.3584617344
71.3745765495
71.3908154339
71.406878327
71.422694591
71.4385519095
71.4547572861
71.4704730269
71.486872205
71.502716845
71.5186970253
71.5347614278
71.550977068
71.5668694037
71.5826911014
71.5988668945
71.614731458
71.6306621313
71.6468964876
71.6627350901
71.6788816017
71.694718393
71.7107163837
71.7266434346
71.7429475232
71.7586626602
71.7747017055
71.7905620428
71.8066548212
71.8227056395
71.8386767637
71.8547538448
71.870574335
71.8867800134
71.9026753678
71.9186772829
71.934671953
71.9509177804
71.9669447508
71.9829364023
71.998877943
72.0148928386
72.0307984566
72.0471034508
72.0627413087
72.0789174037
72.0947043861
72.1108753493
72.126664143
72.142767487
72.1586694825
72.1746686808
72.1908511151
72.2068104663
72.2228015139
72.2387919579
72.2548207395
72.2706297586
72.2867240464
72.3027938826
72.3195293459
72.3348040521
72.3509855808
72.3670053063
72.3826796906
72.3989092169
72.4149259237
72.4309861
72.4469185846
72.4627266981
72.4789743367
72.4948250141
72.5106092797
72.5266631167
72.5428929448
72.5596401811
72.5757981638
72.5917378933
72.6078623683
72.6236445208
72.6398188046
72.6557114421
72.6716403042
72.6877152722
72.7038140881
72.7198582652
72.7365816536
72.7519393745
72.7678676329
72.7837672135
72.799984363
72.8158742837
72.8318900849
72.8479194703
72.8638208621
72.8799269229
72.8959937404
72.9119588271
72.9279577235
72.9437761006
72.9596829261
72.9758617379
72.9917465268
73.0076944069
73.0440684331
73.0551751973
73.0707067963
73.0867769343
73.1029626893
73.1188115554
73.1349801036
73.1510574866
73.1669169183
73.1828158951
73.1989162203
73.2148592704
73.2310045746
73.2468914765
73.2628616951
73.2788180275
73.2948329231
73.3107605777
73.3268029436
73.3426484892
73.3586724409
73.3748204618
73.390928032
73.4067895767
73.4227830394
73.4388435176
73.4547512487
73.4708630451
73.4868236037
73.5031044482
73.518812944
73.5348704035
73.5510685351
73.5668129537
73.582807322
73.5989296838
73.6149687291
73.6308378207
73.6468478863
73.6630396786
73.6788728474
73.6947319772
73.7107372129
73.7270554894
73.7426115401
73.7586617546
73.7747038186
73.7909176476
73.8067091581
73.8226881309
73.8387981161
73.8546958854
73.8708013425
73.8870529054
73.9031001012
73.9188590096
73.9348002485
73.9510865267
73.9668403032
73.9828796504
73.998871
74.0149067247
74.0310668205
74.0472121246
74.0628822827
74.0788950652
74.0946654447
74.1107307528
74.1268063246
74.142932007
74.1589124892
74.1750753019
74.1908402477
74.2068696331
74.222897811
74.2388188245
74.2550555957
74.2709310266
74.2870385967
74.3031422425
74.3188766993
74.3350588318
74.351107537
74.3670403234
74.3828611155
74.3989360835
74.4151100654
74.431014476
74.4472316255
74.463037324
74.4789272447
74.4947697715
74.510989638
74.5269145758
74.5427782336
74.5589220284
74.5748249295
74.5908986901
74.6068203073
74.6227389058
74.638681654
74.6548426554
74.6708412499
74.6869762904
74.7029033413
74.7188663149
74.7350668616
74.7512680119
74.7670036762
74.7829135204
74.7990521833
74.81491403
74.8309515659
74.847038005
74.8631057281
74.8789156528
74.8947753864
74.9109457458
74.9266880513
74.9428043757
74.9588044795
74.9749521986
74.9907449166
75.0068887114
75.0229657925
75.0388922397
75.0550625991
75.0710802115
75.0872279306
75.1030674387
75.118991169
75.1352611462
75.1511969513
75.16687043
75.1833517173
75.1990200642
75.215036771
75.2310833631
75.2470285263
75.2634129127
75.2788264799
75.2948709589
75.3110138481
75.3268147166
75.3428555731
75.3588786192
75.3748397816
75.3908163395
75.4068747045
75.4228316407
75.4387665403
75.4550331968
75.4709973779
75.4871755861
75.5030407533
75.5191347392
75.5349875297
75.551163021
75.5671151272
75.5830406688
75.5991147312
75.6149907657
75.6310717712
75.6473477857
75.6630076802
75.6788680175
75.6948243499
75.7109192415
75.7269760972
75.7433218441
75.7589035538
75.7748290954
75.7912143874
75.8068613014
75.8232004072
75.8387712495
75.8549968515
75.8709278267
75.8869101201
75.9030339914
75.9189598348
75.935142571
75.9510804892
75.9669634669
75.9834106427
75.999037935
76.0150057386
76.0311471184
76.0473621548
76.0629085456
76.0789279692
76.094867095
76.1108650857
76.1268996029
76.1428417474
76.1589641093
76.1748295784
76.1911780421
76.2071005649
76.2229452049
76.2389534592
76.2550293329
76.2709968346
76.2869942216
76.3030534923
76.3191453651
76.3348602002
76.3510999902
76.3671535253
76.3831264607
76.3990598509
76.415198212
76.4311062449
76.447068313
76.4629799684
76.4788590217
76.4948802566
76.5109395273
76.527000911
76.5431057644
76.5588652765
76.5754802929
76.5908899358
76.6072248153
76.6228602582
76.6389113783
76.6549809127
76.6712690021
76.6870043645
76.7031176702
76.7190525697
76.7350807477
76.7510265146
76.7670332596
76.7830883041
76.7989688668
76.8150818706
76.8310372975
76.8470989831
76.8628986442
76.8791022095
76.8951240481
76.9109176717
76.9269769424
76.9431143979
76.9589738295
76.9749814802
76.9909338883
77.0071021347
77.0230312987
77.0390739664
77.0550743721
77.0714454762
77.0869680191
77.1031661508
77.1189733586
77.1351621323
77.1510934094
77.1672269405
77.1831763299
77.1992042059
77.2149791135
77.2313985171
77.2472392327
77.2629006365
77.2789282107
77.2949835571
77.3110558082
77.3273010319
77.3429222868
77.3590135558
77.3749795482
77.3909497667
77.4070280553
77.4229520875
77.4391472005
77.4551651147
77.4711978207
77.4870506112
77.5031599926
77.5190967034
77.5351810294
77.5511898875
77.5672177636
77.5830621016
77.5990428857
77.6149965013
77.6311753132
77.6470259905
77.6630562816
77.6788653006
77.6950410938
77.7109077704
77.7270334528
77.743004577
77.758919553
77.7748191336
77.7909116102
77.8071996996
77.822951363
77.8389961439
77.8549929271
77.8712315096
77.88703751
77.9032084732
77.9192001246
77.935128383
77.9510189074
77.9671850407
77.9830846213
77.9991882671
78.015136449
78.031282055
78.047152354
78.0629299785
78.0789358179
78.0949881455
78.1110978288
78.126993485
78.1429652129
78.1589779954
78.1749563645
78.1910956311
78.206961704
78.2230795377
78.2390566993
78.2551313655
78.2712878389
78.2869528652
78.3032177104
78.3191677036
78.3351007919
78.3511344035
78.367290575
78.3832770946
78.3991247533
78.4152377571
78.4311563556
78.4471464977
78.4629938545
78.4791144051
78.495109679
78.5109479797
78.5269812894
78.5429970906
78.5589310845
78.5749236416
78.5910837374
78.6070889731
78.6230594935
78.6390420888
78.6552109389
78.671323339
78.6871296412
78.7032384188
78.7191642623
78.7351694979
78.7509966293
78.7671014826
78.7831864124
78.7993027368
78.8152545412
78.8310605416
78.8472740687
78.8629581129
78.8791109638
78.8952061572
78.9109110306
78.9271692347
78.9430229308
78.9591540469
78.9749289545
78.9909846027
79.00701429
79.0231958187
79.039291314
79.0555232553
79.0712006583
79.0871056726
79.1032552029
79.1192580236
79.1351877913
79.1512724193
79.1670826458
79.1833776783
79.1991450391
79.2151505766
79.2312216203
79.2473249642
79.2630370825
79.2789496436
79.2950831747
79.3111074283
79.3271205126
79.3431776702
79.3590165746
79.3750172822
79.3911028157
79.4072885706
79.4231564547
79.4391656146
79.4552333377
79.4713028721
79.48715687
79.5034685054
79.5192485448
79.5351001278
79.5513477664
79.5673200981
79.583195227
79.5990383576
79.6151755112
79.6312743271
79.6472463569
79.6631196746
79.6791952464
79.6951032794
79.7110405939
79.7270865822
79.7430637438
79.7589775124
79.7749151288
79.7910347738
79.8072147932
79.8232115764
79.8391404385
79.8553895865
79.8712106805
79.887166711
79.9033428061
79.9192638195
79.9350571413
79.9512827433
79.9673408065
79.9831709566
79.9992151337
80.0347475417
80.0470306997
80.0636396787
80.0806555807
80.0961627281
80.1119074486
80.1278341976
80.144352917
80.1590151256
80.1750828487
80.1911843814
80.2070537748
80.223358769
80.2391333748
80.2553991257
80.2714746974
80.2871469686
80.3031848064
80.3191815897
80.3352936879
80.3511923629
80.3673621186
80.3832496243
80.3993152343
80.4151728547
80.4312245786
80.4473882969
80.4630907553
80.479081803
80.4953055937
80.5110974061
80.5270304945
80.5432998678
80.5589570455
80.5752270226
80.5912811615
80.6072169666
80.6231932226
80.639260342
80.6554328145
80.6712759451
80.6871601302
80.7039236675
80.7192973877
80.7351978739
80.7514886801
80.7673701484
80.7835483565
80.7991819882
80.8152814078
80.8311127654
80.8471916577
80.8631347078
80.8791719419
80.8951165013
80.9111072472
80.9270934649
80.9435306789
80.9590897483
80.9751076625
80.9911672351
81.0074882285
81.0232371751
81.0393009739
81.055389828
81.0713102377
81.0872659664
81.1034212323
81.1192399113
81.1353408403
81.1513922623
81.1674605891
81.183427789
81.1993497081
81.2151415205
81.2313016163
81.2473285867
81.2630887026
81.2792901548
81.2952489022
81.3111379173
81.3271389268
81.3433246817
81.3590310644
81.3751984052
81.3913859713
81.4072777032
81.4232313188
81.439369378
81.4554452516
81.4712533651
81.4872848636
81.5036188375
81.5193342764
81.5354068294
81.5514226306
81.5672787417
81.5834080466
81.59933389
81.6150541588
81.6313606624
81.6472469606
81.6632117455
81.679125514
81.6951105243
81.711143834
81.727334117
81.7432771671
81.7590303399
81.7753163162
81.7913743794
81.8072781862
81.8231853136
81.8393813321
81.8554547908
81.8713048644
81.8872977233
81.9032969216
81.9192236706
81.9355685119
81.9512661403
81.9674703094
81.9832690649
81.9994976856
82.0152961391
82.0313617491
82.0473850971
82.0632107191
82.0792228978
82.0952054931
82.1114356232
82.1271884941
82.1430995458
82.1594084644
82.1752775559
82.1912833953
82.2071965601
82.2234291051
82.239400833
82.255370146
82.2712078429
82.2872281721
82.3034546797
82.3191628736
82.3353489304
82.3514734054
82.3675166769
82.3832773965
82.3992880659
82.415275793
82.4312623126
82.4473608266
82.4633527799
82.4792472287
82.4952111079
82.5111016323
82.5274826982
82.5432340598
82.5594177016
82.575310641
82.5913614593
82.6073920522
82.6234214376
82.6392748318
82.6554500212
82.6713097547
82.6875103014
82.7035475354
82.719221316
82.7354019391
82.7514023448
82.7672817
82.7832223351
82.7991952705
82.8153885722
82.8311870258
82.8472942941
82.8632811156
82.8795003782
82.8952363444
82.9112578811
82.9272528531
82.9433199725
82.9593240007
82.9752214681
82.991602534
83.0075045296
83.023371508
83.0393474621
83.0555579705
83.0713482736
83.0873996956
83.1034040256
83.1195484241
83.1354090633
83.1516560981
83.1674038373
83.1834220534
83.1991679813
83.2152067247
83.2314498353
83.2474037527
83.2632426571
83.2791826885
83.2952277712
83.3112776839
83.3272617885
83.3431384269
83.3592444877
83.3752382522
83.3913159371
83.4072777032
83.4234444402
83.4393464358
83.4554431385
83.4714809763
83.4872788262
83.5034359033
83.5195259649
83.5353407195
83.5515726608
83.5674649965
83.5834334038
83.5992566108
83.6152364893
83.6312067078
83.6474649119
83.6631613329
83.679219698
83.6952533096
83.7111912279
83.7272049159
83.7434299142
83.7592697241
83.775300317
83.791391888
83.8073959162
83.8234790347
83.8393638236
83.8553693611
83.871611566
83.8874691864
83.9036039251
83.9194687904
83.935410633
83.9515100526
83.967363145
83.9834637721
83.999353089
84.0151901822
84.0314649892
84.0473479669
84.0632010592
84.0791543729
84.0954400474
84.1113034034
84.1272485666
84.1433890407
84.1593465807
84.1753931727
84.1914611977
84.207307347
84.2235311378
84.2393691365
84.2555056864
84.271522695
84.2873709574
84.3033689482
84.3193581846
84.3355889184
84.351500272
84.3674550951
84.3834352754
84.3993713824
84.4152205505
84.431578976
84.4474329739
84.4632857644
84.4791847412
84.4954052114
84.511243512
84.5272804442
84.5434209184
84.5592815575
84.5754573507
84.5913617612
84.6075390637
84.623535847
84.6396654537
84.6555209611
84.6715168387
84.6875401867
84.703508594
84.7193653088
84.7356011744
84.7515771285
84.767319434
84.7834113068
84.7993567719
84.8153236698
84.8312751723
84.8476194099
84.8633843557
84.8793850633
84.8955261412
84.9113055768
84.9273044732
84.9432562776
84.9594827852
84.9755130762
84.9914854078
85.0076687478
85.0234071289
85.0394546266
85.055507558
85.0715577725
85.0875708568
85.1035857524
85.1195547634
85.1356599186
85.1516557963
85.1673630846
85.1834697491
85.1992359024
85.2152652878
85.2313142949
85.2473210399
85.2634820414
85.2793764901
85.2954209691
85.3113277946
85.3273514444
85.3435688959
85.3593812355
85.3754368838
85.3915200023
85.407769754
85.4235404354
85.439284854
85.4556737685
85.4716294972
85.4874840989
85.5034817878
85.5196648259
85.5357319452
85.5516746934
85.5672887034
85.5835242672
85.599411471
85.6153409369
85.6313793784
85.6476095085
85.6633832086
85.6793009014
85.6955234847
85.7115199661
85.7273473993
85.7434712706
85.7595697846
85.7755424181
85.7913460035
85.8075685868
85.8236447623
85.8395434372
85.855503694
85.871519797
85.8875458619
85.9034919307
85.9194875064
85.9355724362
85.9516410649
85.9673377878
85.9835129772
85.9996030388
86.0153927381
86.0314305759
86.0476824407
86.0633728242
86.0793451558
86.0953114501
86.1116098031
86.1275760973
86.143611822
86.1595446085
86.1756358776
86.1915016485
86.2076068037
86.2236760362
86.2394766028
86.2555705888
86.2716672915
86.2877621831
86.3034459254
86.3194759146
86.3357241569
86.3515087244
86.3673038574
86.3834301436
86.3994057958
86.4153618264
86.4313148383
86.4474160691
86.4634074187
86.479319376
86.4954317761
86.5114173901
91.3587856427
91.3747615969
91.390854979
91.4068227826
91.4227531541
91.4388993638
91.4548659599
91.470672564
91.4869126558
91.5027630313
91.5185524288
91.5347158452
91.5507117228
91.5666792245
91.5826231802
91.5986256991
91.6147987754
91.630604172
91.6465716737
91.6627163741
91.6787367033
91.6946891114
91.7108769794
91.72683784
91.7427567403
91.7588727629
91.7748411702
91.7908533489
91.8069032616
91.8229583061
91.8388850551
91.8548163322
91.8707470056
91.8867691461
91.9028033614
91.9189257233
91.9346912728
91.9508709903
91.9666800094
91.982701848
91.9986376532
92.0146459076
92.0307414028
92.0468218046
92.0628056073
92.0789358179
92.0948399265
92.110706905
92.1267812692
92.143106187
92.158929394
92.1746910193
92.1907662891
92.206978005
92.2228603789
92.2387056226
92.2551316674
92.2707287725
92.2867711384
92.302647173
92.3187634974
92.334837258
92.3508690583
92.366660267
92.382671842
92.3989976653
92.4146638991
92.4307026425
92.4469321688
92.4627635264
92.4790123725
92.494888709
92.5097118152
92.5260023196
92.5418828822
92.5578911366
92.5738459597
92.5899991125
92.6062570147
92.6218408376
92.6378741473
92.6537580305
92.6698136788
92.6857944628
92.7020261022
92.7177336924
92.7338322064
92.7497323908
92.7656624604
92.7816827896
92.7978256788
92.8137198257
92.8296900442
92.845810293
92.8618242829
92.8778666488
92.8938727901
92.909726788
92.9257214582
92.9418257078
92.9577032517
92.9737975395
92.989793719
93.005913364
93.0218521879
93.0380319054
93.0537941344
93.0698633668
93.085763853
93.1017838804
93.1176188605
93.1339081574
93.1498059267
93.1657852014
93.181736402
93.1978759706
93.2138667164
93.2297116582
93.2457718345
93.2619923047
93.2779299211
93.2937757685
93.309840171
93.3259142334
93.3418542648
93.3577906737
93.3738224741
93.3908706764
93.4068291219
93.4230046132
93.4390490922
93.4549785581
93.4709460598
93.4867387778
93.5028306506
93.5187386836
93.5348320658
93.5508475651
93.5668032938
93.5828359998
93.598926967
93.6148322831
93.630815784
93.6468183028
93.662961192
93.6788649988
93.6947168836
93.7109059591
93.7269933039
93.7429028462
93.7589373634
93.774931128
93.7909728901
93.8069769183
93.8229305339
93.838847623
93.8550901298
93.8707968144
93.886839784
93.9027638162
93.9187738818
93.9347863624
93.9508803483
93.9667452137
93.9827896927
93.998734554
94.014717753
94.0308334737
94.0469235353
94.0630380485
94.0789494021
94.0949887492
94.110937233
94.1269808064
94.1428574447
94.1589535438
94.1748935751
94.1909386579
94.2068925753
94.2229020372
94.2388158058
94.2547603652
94.270819334
94.2868792085
94.3029674588
94.3189742039
94.3347035288
94.3508183439
94.3666807943
94.3827962131
94.3990474741
94.4147469138
94.4309933449
94.4469840908
94.4631224518
94.4789616581
94.4949342916
94.5109244337
94.5268705025
94.5432319467
94.5590814166
94.5749417539
94.5910716625
94.606893964
94.6229423673
94.6391208773
94.6550120054
94.6708370237
94.6867843
94.7030017515
94.7189541596
94.7347948752
94.7507913566
94.7668593815
94.7828643153
94.7987651034
94.8149402928
94.8308936065
94.8469640465
94.8629596222
94.8790834935
94.8949190773
94.9109445383
94.9270016959
94.9430923613
94.9589083234
94.9749262377
94.9909218134
95.0070797962
95.0230777869
95.0388659768
95.0549883387
95.0708535059
95.0868955699
95.1029835184
95.1189416621
95.1349523314
95.1510713727
95.1668607701
95.1829272858
95.1987740388
95.2148779865
95.2311678871
95.2470309412
95.2628879579
95.2790863914
95.2949636335
95.3110669775
95.3268802228
95.3432836271
95.3588810342
95.3750402244
95.3911269654
95.4071180131
95.4229288434
95.4387490317
95.455173869
95.4709146651
95.4868060952
95.5029206084
95.5187676633
95.5348036898
95.5510498191
95.5670444892
95.5828818843
95.5989112697
95.6149817096
95.6309307971
95.6470380654
95.6630260944
95.678986653
95.6949967187
95.7111713043
95.7267563346
95.7429511457
95.7589228736
95.7750340662
95.7910042848
95.8071009875
95.8229163459
95.8387996254
95.8549600231
95.8709453353
95.8868213699
95.9031797954
95.9189190821
95.9348651509
95.9510578489
95.9669507883
95.9829001777
111.583833082
111.599792433
111.615746954
111.631848487
111.647832894
111.663727946
111.679715673
111.69569374
111.711615659
111.727667685
111.74374054
111.759727362
111.775534268
111.791559427
111.807839366
111.82366378
111.839899344
111.856006008
111.871830121
111.887705552
111.903947757
111.919840093
111.935726693
111.951880751
111.968275703
111.983806095
111.99990008
112.015764342
112.031890025
112.047912467
112.063687978
112.079662725
112.095836707
112.111691308
112.127738806
112.143649556
112.159784898
112.175631651
112.19175673
112.207780078
112.223842066
112.239866923
112.255753825
112.272017765
112.287854858
112.303893299
112.319792578
112.335839472
112.351840481
112.367771457
112.383819558
112.400014973
112.415836671
112.43182319
112.448101318
112.463684839
112.479705772
112.495660595
112.511840312
112.527540356
112.543670868
112.559822813
112.575812955
112.591665444
112.607864481
112.623748666
112.639752997
112.65605467
112.671980815
112.687894282
112.703888349
112.719770119
112.736030436
112.751888358
112.767815711
112.784079349
112.799955987
112.815978429
112.831868048
112.847945431
112.863785845
112.87979259
112.895778808
112.911898453
112.927603024
112.94386787
112.959666927
112.998679311
113.011468708
113.0264992
113.044254688
113.060137967
113.074842136
113.090741415
113.106943471
113.122980705
113.138715162
113.154932613
113.170869626
113.186933123
113.203012921
113.218830996
113.234985054
113.251011119
113.266767914
113.282763188
113.299004488
113.314578952
113.33088123
113.346975518
113.362750727
113.378770754
113.39478082
113.410829827
113.426784348
113.442679703
113.458809008
113.474762019
113.490751256
113.506916484
113.523058165
113.538778132
113.55490955
113.570901805
113.586968925
113.603065628
113.619012904
113.635114437
113.650873043
113.666839337
113.683005772
113.698978104
113.71476086
113.731032045
113.746930418
113.762876487
113.778773049
113.794824471
113.810836649
113.826647782
113.842737541
113.85868844
113.874754352
113.890823283
113.906791388
113.922892619
113.938953097
113.954924523
113.970999491
113.987062686
114.002837292
114.018895355
114.035132428
114.051053743
114.067023358
114.094863774
114.118006464
114.130429992
114.145804618
114.161845474
114.177732678
114.193754517
114.209715981
114.225697973
114.241790147
114.257928508
114.273904161
114.289881926
114.305881426
114.322219022
114.338115282
114.354063766
114.370029457
114.386040428
114.401901369
114.417943131
114.433820373
114.450051409
114.465777413
114.481793516
114.49782109
114.513839608
114.529812242
114.545793932
114.561837807
114.577812553
114.593722699
114.609741821
114.625760037
114.641789423
114.657920539
114.674005771
114.690043608
114.706078126
114.721969556
114.738152292
114.75409987
114.769990998
114.786122718
114.802229383
114.817906786
114.833928624
114.850101097
114.865897437
114.881947954
114.897789877
114.913939407
114.929616508
114.945756982
114.961917984
114.977957331
114.993912154
115.00975619
115.025927455
115.04187443
115.058035129
115.073958256
115.090109899
115.105985028
115.121916909
115.138043497
115.153980812
115.16990907
115.185778464
115.201989576
115.217930513
115.233863601
115.250145653
115.265763889
115.281918551
115.297774964
115.313948946
115.329885959
115.345791275
115.361913637
115.378007925
115.393858904
115.409719845
115.425791794
115.441821783
115.457996067
115.474074054
115.489952805
115.505949891
115.522079497
115.537962777
115.554122571
115.569970229
115.585956447
115.602498109
115.617948504
115.633974267
115.650009086
115.666012511
115.681823643
115.697769108
115.713977201
115.729843576
115.745966542
115.761860085
115.777856566
115.793879311
115.80987066
115.825948043
115.841919167
115.857952175
115.874154231
115.889923101
115.906008635
115.92185901
115.938192682
115.954199125
115.969926941
115.986074962
116.002132421
116.018110791
116.033972939
116.05006934
116.065878057
116.081803599
116.098040068
116.11404953
116.13000707
116.145946799
116.161981618
116.178128432
116.193774742
116.210085774
116.226029428
116.24196795
116.257940583
116.274099773
116.290048861
116.305992515
116.321994732
116.338076643
116.354209268
116.369859201
116.385894926
116.402136527
116.418142668
116.434112283
116.449852777
116.465997478
116.481930566
116.4978872
116.51380761
116.53000876
116.545944264
116.561853806
116.577853004
116.593917407
116.609810648
116.626046815
116.641967527
116.658220901
116.674035052
116.690000139
116.706117671
116.721999139
116.738063843
116.75401595
116.770056504
116.786002271
116.802078145
116.818208054
116.834136916
116.849986084
116.865870269
116.881912333
116.897775085
116.913847638
116.929780425
116.945961048
116.961829234
116.977868581
116.993874118
117.009940332
117.025954322
117.041950501
117.058142898
117.074106777
117.090074882
117.106003443
117.122067543
117.138045007
117.154166161
117.170074496
117.186088788
117.202106702
117.218069977
117.234249393
117.249940984
117.265953163
117.282012132
117.297987482
117.313809783
117.329908599
117.346229291
117.361926919
117.377896836
117.393987501
117.409853272
117.425987709
117.442059658
117.458038933
117.474104241
117.490011368
117.506220066
117.522151041
117.537962475
117.554235169
117.570124486
117.586012897
117.602222198
117.618087969
117.634102865
117.650025086
117.666023378
117.681974579
117.697923364
117.714020671
117.730127637
117.745959599
117.761851029
117.778009615
117.794065867
117.809942204
117.826028643
117.842131685
117.858100092
117.874007823
117.890122337
117.906068707
117.922090546
117.938120233
117.954209691
117.970053727
117.986067415
118.002143591
118.018239388
118.034029087
118.050009871
118.066099933
118.082070151
118.098054558
118.11405285
118.130059897
118.145980911
118.16203354
118.178209334
118.194117065
118.209935744
118.226102481
118.242055794
118.258312791
118.274078039
118.290111047
118.30623522
118.322272152
118.33803589
118.354170629
118.370159563
118.386110764
118.402110264
118.418172855
118.434079379
118.449920698
118.466085926
118.482070634
118.498292312
118.514066918
118.529989441
118.546077087
118.562055758
118.577971338
118.594094605
118.609975772
118.625968027
118.642250079
118.658255315
118.674043505
118.690278163
118.706146349
118.7221703
118.738272135
118.754268918
118.770183592
118.786120605
118.802234213
118.818171527
118.834030355
118.850215204
118.866035996
118.882086513
118.897976433
118.914234034
118.929994452
118.945860524
118.962011262
118.97794103
118.994021432
119.010365971
119.026334378
119.04224211
119.058112409
119.074149341
119.090083938
119.10609823
119.122155086
119.1381084
119.154305626
119.170089891
119.186465825
119.202220206
119.218411696
119.234000047
119.250092524
119.26591724
119.282190538
119.298149285
119.3141512
119.330251827
119.34600017
119.362130381
119.378059847
119.394130588
119.410141258
119.426155248
119.442204255
119.458188058
119.474155861
119.490279431
119.506164823
119.522256394
119.538333173
119.554378558
119.570186068
119.586060895
119.602262951
119.618107893
119.63407147
119.650019048
119.66615922
119.682002049
119.698104186
119.714096441
119.730248386
119.746062839
119.7621529
119.77833775
119.794100582
119.810126949
119.826252933
119.842192663
119.858126355
119.874246906
119.890209879
119.906209983
119.922198314
119.938120837
119.954318063
119.97019289
119.986135034
120.00224834
120.018319082
120.034149836
120.049963383
120.066137063
120.08210547
120.098067236
120.114214654
120.130148346
120.146118866
120.162018145
120.178129941
120.194228455
120.210017249
120.226257341
120.242141828
120.258264793
120.274216296
120.290105915
120.306205334
120.322221437
120.338284331
120.354275378
120.370136017
120.386261096
120.402363233
120.418199722
120.434139451
120.45036294
120.466337083
120.481996072
120.498185148
120.514200043
120.530147018
120.545952112
120.562190695
120.578161517
120.594255805
120.610095011
120.626274427
120.642386525
120.658419533
120.674254513
120.690153792
120.70627072
120.722087889
120.738152896
120.754232392
120.770135293
120.786107323
120.802247797
120.81816549
120.834117294
120.850047967
120.866246401
120.882198205
120.898075447
120.914109361
120.930032789
120.946197715
120.96214318
120.97823777
120.99430821
121.010120248
121.026356113
121.042287692
121.058302588
121.074360349
121.090315172
121.106299277
121.122146634
121.138380084
121.154458675
121.170114343
121.18625693
121.202305032
121.218232988
121.234046233
121.250162256
121.266126739
121.28212956
121.298073214
121.314261383
121.330019386
121.346057224
121.362102609
121.378124145
121.394252243
121.410065186
121.426516588
121.442288779
121.458280732
121.474417886
121.490182832
121.506282251
121.522183643
121.538218764
121.554289506
121.570134146
121.58624081
121.60219352
121.618252791
121.634092601
121.650356842
121.666229858
121.682193436
121.698093016
121.714326467
121.730515241
121.746083064
121.762070188
121.778243566
121.794265404
121.810168004
121.826329911
121.842401256
121.858331326
121.874319657
121.890118412
121.906267942
121.922239369
121.938226492
121.954444849
121.970249944
121.986098508
122.002164118
122.018233954
122.034178514
122.050066321
122.06617208
122.082388928
122.098218172
122.114176014
122.130319507
122.146212446
122.162160628
