15.9918404089
16.0078498708
16.0239794776
16.0400070517
16.0560122874
16.0721089902
16.0880623039
16.1040071652
16.1201358664
16.136240116
16.1520675492
16.1680531632
16.1840825486
16.1999422821
16.2158862379
16.232029127
16.2478484097
16.2638765876
16.2798489193
16.2959902991
16.3118279959
16.3278139118
16.3439528766
16.3598283075
16.3758546742
16.3919245103
16.4079191805
16.4239615464
16.4400404387
16.4560224303
16.4721173218
16.4880277698
16.5040257605
16.5201384625
16.5359722351
16.5520698434
16.5682350711
16.5839891495
16.5999560475
16.6160811262
16.6320063659
16.648078617
16.6638348086
16.6800320346
16.6959035411
16.7118544399
16.7278207341
16.7441136535
16.7599048621
16.776036582
16.7919428038
16.8079540769
16.823995839
16.8400013765
16.8560618547
16.8720124516
16.8879865945
16.9041690288
16.9199738217
16.936064487
16.9521500206
16.9679551153
16.9840445732
17.0000443751
17.0160308948
17.0319368146
17.0478828835
17.0640420737
17.0799431636
17.0960446963
17.111901713
17.1280385647
17.1441177589
17.1598917609
17.1759480129
17.1920048686
17.2082026984
17.2242788739
17.2400975528
17.2560460366
17.2721502862
17.2881072224
17.304098572
17.3201285611
17.3362657147
17.3522151041
17.3681599654
17.384134712
17.4001610787
17.4159903232
17.4318787345
17.4480176993
17.464173569
17.4799237231
17.4962640363
17.5119441562
17.5280133886
17.5442293307
17.5598545099
17.5762407076
17.5920313125
17.6080525474
17.6240466138
17.6401412035
17.6561699851
17.6721196764
17.6883169025
17.7042397272
17.7200333508
17.7361403172
17.7522669053
17.7681915412
17.7841699103
17.800144355
17.8160185784
17.8319540817
17.8481796837
17.864023418
17.8798780197
17.8963553826
17.9121459876
17.927918782
17.9439110372
17.9599790622
17.9761488179
17.9920846231
18.0080219376
18.0242581051
18.0402422097
18.0560590775
18.0721095939
18.0880952079
18.1041484412
18.1201005474
18.1364882545
18.1521493564
18.1681506678
18.184213259
18.2003217348
18.2159559702
18.232116066
18.2480319477
18.2641174812
18.2800173637
18.2961074253
18.3120393061
18.3279283212
18.3441798841
18.3601914591
18.3760605506
18.392252343
18.4082557674
18.4240835025
18.4401968083
18.4562138169
18.472293313
18.4881702532
18.5042319389
18.5203032844
18.5363634607
18.5521247841
18.5682528815
18.5843121522
18.6002736165
18.6161282182
18.6322134498
18.6481552924
18.664036157
18.6802801731
18.6960393834
18.712011715
18.7282089411
18.7441381051
18.7600699859
18.7760815609
18.7923014273
18.8082393456
18.8240797593
18.8636001939
18.876132698
18.8921234438
18.9082476169
18.9243853742
18.9402348441
18.9561166142
18.9721466034
18.9883537912
19.0041377549
19.0202305334
19.0363248212
19.0521966295
19.0681517545
19.0843583386
19.1001223788
19.1161318406
19.1322768429
19.1482204967
19.1640379682
19.1800884846
19.1963491037
19.2119899803
19.2279849523
19.2440460342
19.2600244033
19.2762231387
19.2924212704
19.3081107483
19.3244933235
19.3402042343
19.3561276627
19.3722735706
19.3881000982
19.40417567
19.4203037674
19.4363802448
19.4524156676
19.4682518552
19.4841976221
19.5000232441
19.5160903635
19.5321176358
19.5482342621
19.5641199566
19.580137569
19.5963097396
19.6120372534
19.6280047551
19.6443821985
19.6600922037
19.6762785623
19.6923840194
19.7083515211
19.7242782701
19.7402717328
19.7561432393
19.7723329186
19.7879988505
19.8042356217
19.8203564742
19.836173342
19.8523014394
19.8682484138
19.884330023
19.9001221373
19.916178993
19.9322476217
19.9481568622
19.9640968936
19.9800864319
19.9961170248
20.0120579618
20.0282328493
20.0442078978
20.0601992474
20.0762639518
20.092253792
20.1082825736
20.1243653903
20.1403090441
20.1563613718
20.1723237417
20.1881976632
20.2042092381
20.220206927
20.2364231709
20.2523541462
20.2681396193
20.2843833335
20.3001452606
20.3161236297
20.332524921
20.3481854192
20.3641118664
20.3801315919
20.3961199227
20.4120825945
20.4281349221
20.4442424923
20.4604871122
20.4761500254
20.4922228803
20.5083802593
20.5243227056
20.540244021
20.5562803494
20.5724407471
20.5882944432
20.6042863965
20.6205491287
20.6362998866
20.6524150035
20.6682892269
20.6843261591
20.7002142685
20.7163988159
20.7323472997
20.7482541252
20.7641084251
20.7801245281
20.7963465076
20.8122853315
20.8282262685
20.8442991234
20.8603502436
20.8764040806
20.8923269053
20.9082965201
20.9244958592
20.9401934877
20.9562376648
20.9723778371
20.9884156749
21.0043744223
21.0203023788
21.0363272361
21.052414279
21.0683636684
21.0841591033
21.100371121
21.1161143321
21.1322946533
21.1483017002
21.1641922246
21.1800727873
21.1961960548
21.2125239913
21.2282979932
21.2443313029
21.2603606883
21.2764000355
21.2922962955
21.3082743627
21.3244664569
21.3404750132
21.356272863
21.3721655005
21.388317144
21.4046142895
21.4202279976
21.4363346622
21.4523622363
21.4679726239
21.4842109044
21.5002904005
21.516190283
21.5322407994
21.5482614305
21.5643904336
21.5800346307
21.5963305688
21.612379274
21.6282245177
21.6443133718
21.6602896277
21.6762278479
21.6924806183
21.7083820101
21.724257441
21.7402871283
21.7561740302
21.7723232587
21.7883837368
21.8044291214
21.8203124009
21.8363807278
21.8523910953
21.8680624609
21.884360512
21.9003259006
21.9162822331
21.9320834035
21.9482311226
21.9643344666
21.9801359388
21.9963367873
22.0121687487
22.0284649886
22.0444324903
22.0601913987
22.0763258354
22.0924871388
22.108194729
22.124380182
22.1404949971
22.156363183
22.1724140013
22.1884512353
22.2045406932
22.2202724331
22.2364403776
22.2525515702
22.268182485
22.2843742774
22.3001929564
22.3162775843
22.3321922584
22.3482820182
22.3642640097
22.3802106823
22.39614045
22.4122661325
22.428212805
22.4444205966
22.4604207004
22.4763851834
22.4923689862
22.5082658499
22.5243151588
22.5404595573
22.5562927262
22.5724491995
22.5885126964
22.6044940842
22.6204310969
22.6365477232
22.6524805097
22.6682406255
22.6844444927
22.7003114712
22.7161872039
22.7323605821
22.7484835477
22.7643109809
22.780211769
22.7962571536
22.812284124
22.8282172124
22.8445442432
22.8602898692
22.8764686811
22.8922155146
22.9083381784
22.9243111138
22.9404186839
22.9563049822
22.9723204814
22.988356508
23.004443249
23.0203153593
23.0365542436
23.0524082416
23.0682374861
23.0842946436
23.1004423627
23.1163817904
23.1323411415
23.1482672868
23.1641940359
23.1802982854
23.196164962
23.2126269295
23.2283088606
23.2444523535
23.2603908755
23.2764622211
23.2922561466
23.3084745036
23.3245253219
23.3404436185
23.356258675
23.3724130353
23.3883331432
23.4044059981
23.420377726
23.4365018991
23.4523534821
23.4681978201
23.4842567889
23.5004757497
23.5164058194
23.5322438181
23.5482671661
23.5643089282
23.5802160556
23.5962714019
23.6124164042
23.6285755944
23.6443142774
23.6604173195
23.6764364412
23.692272025
23.7084085748
23.7244083768
23.7405328518
23.7564022452
23.7724280081
23.7884884863
23.8044158391
23.8204859772
23.836551889
23.8523886803
23.8681949825
23.8841893508
23.9005073255
23.9164564131
23.9322569797
23.9487319277
23.9642596024
23.9802005394
23.9963567109
24.0123130433
24.0283858982
24.0443706066
24.0604138781
24.0763696068
24.092453631
24.1084350188
24.1245163261
24.1404479051
24.1564975159
24.1723738524
24.1885916057
24.2044123977
24.2204137091
24.2364847528
24.2524495376
24.2683328171
24.2842182097
24.3003629101
24.3163584859
24.3322954986
24.3483674479
24.3643726835
24.3803435058
24.3963698725
24.4123274124
24.4284847914
24.44456308
24.4603929282
24.4765472885
24.49241638
24.5084475767
24.524472434
24.5403868063
24.5566151251
24.5724205217
24.5884345117
24.6045426856
24.6204793964
24.63621174
24.6528838102
24.6683492993
24.684274539
24.700373053
24.716344479
24.7324073722
24.7484277014
24.7642895481
24.7803316121
24.7964059763
24.8122856334
24.8285221027
24.8448578879
24.8604625398
24.8764122311
24.8929077064
24.9083970433
24.924651625
24.9404497767
24.9565253485
24.972396855
24.9886303056
25.0045368292
25.0204816906
25.0362034687
25.0525283865
25.0682097139
25.0842877006
25.1002081103
25.1165577816
25.1325675453
25.1483346042
25.1643153883
25.1804721635
25.1965480371
25.2125448204
25.2285708852
25.2447967891
25.2606399196
25.2765594237
25.2925851867
25.3085855924
25.3617071567
25.3800685007
25.3953048693
25.411540433
25.4274741251
25.443556338
25.4593988648
25.475513378
25.4915807993
25.5074157793
25.5234714275
25.5396218635
25.5555724604
25.5715529426
25.5876348536
25.6035136051
25.6194306942
25.6353803855
25.6513771687
25.6673030121
25.6833770745
25.6995537733
25.7155390854
25.7313293885
25.7474511466
25.7635415101
25.7794628254
25.7955230017
25.8115188794
25.827477023
25.8435864044
25.8595997906
25.8756098562
25.8914535906
25.9075379166
25.9236288838
25.9396220446
25.9554440442
25.971535917
25.9875797922
26.0033990749
26.0194580438
26.0355218425
26.0514667039
26.0673031933
26.0834750621
26.0994606761
26.1154311965
26.1316142346
26.1475669446
26.1634683364
26.1795179472
26.1956406109
26.2115667562
26.2274412814
26.2437275596
26.2595966512
26.275629659
26.2916354984
26.3077328049
26.3235219005
26.339576945
26.3555350887
26.3716251503
26.3874432255
26.403484082
26.4193797383
26.4353704841
26.451574955
26.4677570875
26.4833554002
26.4994901388
26.5155237504
26.5313946531
26.5475342217
26.5634126712
26.5796557818
26.5957760305
26.6115234678
26.6274553487
26.6437162696
26.6595391748
26.6755127139
26.6916528862
26.7075941251
26.7235314396
26.7396559146
26.755501762
26.7715990685
26.7874195587
26.8034555853
26.8196413402
26.8355222048
26.8514601231
26.8673443082
26.8835351949
26.8994480578
26.9155224221
26.9313667602
26.9476270774
26.9635091494
26.9795832118
26.9957792304
27.0114173901
27.0276297097
27.0437282237
27.0596788206
27.0755171213
27.0915416767
27.1077597319
27.123580524
27.1396627369
27.1556248049
27.1716801513
27.1873436682
27.2035943255
27.219489378
27.2354197495
27.2514446069
27.2676312674
27.2834282116
27.299584685
27.3155506773
27.3314342587
27.3474727002
27.3636983022
27.3794997745
27.3956942837
27.4116554461
27.4275405368
27.4436079581
27.4596581726
27.4757754027
27.4916423811
27.5075332074
27.523715038
27.5396306178
27.5555235572
27.5714457781
27.5872994742
27.6035241706
27.6194388447
27.6353661975
27.651609308
27.667362179
27.6834338264
27.6995972428
27.7155273124
27.7315026628
27.7474662402
27.7635043799
27.779541312
27.7955142474
27.8117298876
27.8276077335
27.843582782
27.8597389535
27.8759627442
27.8916024133
27.9075530102
27.9238057806
27.9397817347
27.9556520337
27.9713765288
27.9876513358
28.0035041263
28.0194870234
28.0355737645
28.0517586138
28.0675588786
28.0833923492
28.0996055745
28.1155821323
28.1315598977
28.1475301162
28.163777453
28.1796012638
28.1956194799
28.2116850899
28.2276785526
28.2435880949
28.2596217065
28.2757863304
28.2917384367
28.3076180937
28.3236166882
28.339656941
28.3557216453
28.3715738321
28.3874223963
28.4037237681
28.4195892372
28.4355078357
28.4516624978
28.4914014875
28.5036946073
28.5195636988
28.5355405586
28.5517622362
28.5675670291
28.583562303
28.5995439927
28.6154641005
28.6315840474
28.6476556948
28.6635619166
28.6798364218
28.6959397657
28.7117101452
28.7275261074
28.7439020414
28.7596331776
28.7756064149
28.7915968588
28.8077880475
28.8235940478
28.8397318051
28.8556833076
28.8714914211
28.8874293394
28.9037056558
28.9195457677
28.9353925207
28.9517252871
28.9675415511
28.9836291978
28.9994789695
29.0156300092
29.0314930633
29.0475728613
29.0636203589
29.0796956288
29.0956966383
29.111600747
29.1277735214
29.1437527961
29.1596146427
29.1758915629
29.1916776397
29.2076098224
29.2236452452
29.2398005111
29.2557867289
36.6650504458
36.6813524213
36.6970237869
36.7130130233
36.728971167
36.7449917981
36.7610082031
36.7772495024
36.7929486402
36.8089671582
36.824774366
36.8410509843
36.8569249058
36.8728685596
36.8887415755
36.9049179724
36.920942226
36.9368079969
36.9529363962
36.9689322739
36.9850030157
37.0012394851
37.0170294862
37.0330676259
37.0490426744
37.0651140199
37.081012393
37.0970834367
37.1130735788
37.1289837249
37.1452298541
37.1611457358
37.1772336843
37.1931951486
37.2089782067
37.2249345391
37.2411867058
37.2570195728
37.2729209646
37.2890487601
37.3050431284
37.3209149368
37.3370056021
37.3530108378
37.3691283697
37.3849826695
37.4014168648
37.4169816697
37.4331152009
37.4490392331
37.4650985037
37.4811013244
37.4971503315
37.5129699161
37.5290672226
37.5451916976
37.5610677322
37.5771931127
37.5929951888
37.6089451819
37.625149351
37.6409136931
37.6570022453
37.67292507
37.6889535498
37.7251588298
37.7404087825
37.7559047607
37.7719872755
37.7878216518
37.8041224198
37.8200002656
37.8360927422
37.8522072554
37.8680437448
37.8841389382
37.9001568525
37.9161104681
37.9321365329
37.9482299151
37.9642270002
37.9801612961
37.9962229817
38.0121919928
38.0280927809
38.0441182419
38.0601750976
38.076068037
38.0919769756
38.1078961779
38.1240562737
38.1398828013
38.1560441047
38.171991381
38.1880108046
38.2040546798
38.2200593117
38.2361209974
38.2522454724
38.2680901123
38.2840733113
38.3001829946
38.3161269503
38.3322909705
38.3482020222
38.3642437843
38.3801678165
38.3961009048
38.4120892357
38.4281472989
38.4441486102
38.4599660817
38.4762318326
38.4920263618
38.508138762
38.5240057404
38.5399693178
38.5560207398
38.5720504271
38.5879654031
38.6040340318
38.6200537573
38.6359466967
38.6523108578
38.668107802
38.6842334845
38.700203703
38.7162285603
38.7322558326
38.7482622758
38.7641989866
38.7801867137
38.7963972221
38.8123532526
38.8281731391
38.8442369379
38.8600535037
38.8761444709
38.8920787668
38.9079656687
38.9241879501
38.9401693379
38.9560390332
38.9722758044
38.9881464053
39.0041169258
39.020047901
39.0362430139
39.0522382878
39.0680467032
39.0842457404
39.100183055
39.1161484436
39.1321690747
39.148276343
39.1641173605
39.1802237231
39.1961882061
39.2122052148
39.2280389873
39.2442914559
39.2601336808
39.2762053283
39.2920466476
39.3081188988
39.324099381
39.340023715
39.3561062298
39.3720399219
39.3880819859
39.4041472941
39.4201256631
39.4361396531
39.4522227716
39.46832521
39.4841958109
39.5005663112
39.5162509592
39.5323072112
39.5482469407
39.5642805523
39.5802426203
39.5961204661
39.6121718881
39.6281089008
39.6441847744
39.6601516724
39.676058196
39.6920890908
39.7080143305
39.7240237923
39.7399894828
39.7559681537
39.7721294571
39.787995228
39.8043213533
39.8200709036
39.8361914543
39.8524146413
39.8682336221
39.8843366642
39.9002658282
39.9164020762
39.9321676257
39.9482812333
39.9642828465
39.9802053693
39.9962685644
40.0122565933
40.0283345801
40.0441324299
40.0593371019
40.0751135188
40.0911601109
40.1070210519
40.12308636
40.1390209577
40.155130641
40.1712101371
40.1871625452
40.20324989
40.2191410181
40.2352875297
40.2511671868
40.2672261556
40.2831453578
40.2991696114
40.315182092
40.3312039306
40.3473860631
40.3632479097
40.3791634895
40.3953205666
40.4112038461
40.4271478018
40.4431913752
40.4591338215
40.475073551
40.4910534295
40.5071114927
40.5230983142
40.5390440811
40.5552449296
40.5712248081
40.5872261194
40.603292635
40.6193011912
40.6351675659
40.6511637455
40.6672359966
40.6834163179
40.6994164217
40.7153045312
40.7314462128
40.7473385485
40.7633163138
40.7793206439
40.7952953905
40.8111632745
40.8275292468
40.8431043154
40.8591563411
40.8752735712
40.8911640956
40.907127673
40.9231724538
40.9390838074
40.9552493369
40.9712237817
40.9874964756
41.0034057161
41.0192766189
41.0353358896
41.0512478469
41.0671637285
41.0833371067
41.0991862747
41.1153403331
41.131545106
41.1473145799
41.1632540075
41.1793564458
41.1953031184
41.2111266273
41.2273492106
41.2553315064
41.2785070997
41.2906082291
41.3061434506
41.3220611435
41.3382918773
41.3543749958
41.3702030328
41.3864989709
41.4022950095
41.4183059807
41.4342363522
41.4504839908
41.4661435834
41.4822813408
41.4983113299
41.5143416209
41.5302221836
41.5462877936
41.5622471447
41.5783088304
41.5942564086
41.6101095009
41.6262880109
41.6421456313
41.658176828
41.6741485559
41.6901842806
41.7061937424
41.7222207129
41.7381528956
41.7542468815
41.7704419945
41.7861595464
41.8023205479
41.8183088787
41.8343723756
41.8505366976
41.8663203595
41.882387177
41.8981524247
41.9143028606
41.9303548864
41.9464787576
41.9622385716
41.9781209455
41.9942152333
42.0102231858
42.0261638209
42.0422496563
42.0581555762
42.0743129552
42.0902466473
42.1061912067
42.1223437558
42.1382424307
42.1543382279
42.1705559812
42.1862931548
42.202327672
42.2183467938
42.2344570808
42.2503802074
42.2663262762
42.2823746795
42.2983762927
42.3143715666
42.3303254841
42.3465411243
42.3621566436
42.37815071
42.3943186545
42.4102284987
42.4262645253
42.4423207773
42.4582378664
42.4743167588
42.4903687845
42.5062327443
42.5222491492
42.5382761196
42.5544757606
42.5703726243
42.5862764311
42.6022560077
42.6183352019
42.6343184009
42.6505352486
42.6663493995
42.6823196181
42.698519561
42.7144390651
42.7305146369
42.7463933883
42.7620834699
42.7782073412
42.7941032993
42.8103569753
42.8261608626
42.8423209584
42.8581997098
42.874721146
42.8903101007
42.9061405527
42.9222188413
42.9382110964
42.9543551931
42.9703827672
42.9863324585
43.0024518017
43.0182994603
43.0347460324
43.0504638862
43.0665165157
43.0822986682
43.0984835175
43.1143414398
43.1304450856
43.1464068518
43.1622472655
43.1783222335
43.19431147
43.2103644014
43.2262651894
43.2422689157
43.2581464597
43.274359383
43.2903558644
43.306316725
43.322177666
43.3382954998
43.3543565817
43.3704206823
43.3864111263
43.4024697932
43.4184668783
43.4347268937
43.4504308614
43.4664351915
43.4823869959
43.4990765746
43.5143992784
43.5303833831
43.5465467995
43.5621765068
43.5784350128
43.5942751246
43.6102284384
43.6262397115
43.6422835867
43.6582595408
43.6742520979
43.690359668
43.7064729737
43.7222678048
43.7383599795
43.7543145008
43.7704075811
43.7863826296
43.8024844642
43.8184214768
43.8344309387
43.8505511875
43.866509633
43.8823186521
43.8984959546
43.9144356841
43.9302881727
43.946381253
43.9622992478
43.9781309073
43.9943181715
44.0102349588
44.0263932434
44.0421781127
44.0585289915
44.0742435247
44.0904265628
44.106305918
44.1223826972
44.1389210382
44.154460184
44.170325955
44.1863960931
44.2025220774
44.2181333705
44.2346403169
44.2503910747
44.2664406855
44.282364114
58.1090007263
58.1251593128
58.1412711091
58.1572229135
58.1731336633
58.189294061
58.2053702365
58.2211062027
58.237211056
58.2531888213
58.2688520364
58.2855008624
58.301019481
58.3171007883
58.3328956194
58.3492969107
58.3651376263
58.3810356975
58.3970348958
58.4130808841
58.4290610644
58.445059357
58.4610694226
58.4770191139
58.4932096988
58.5091234673
58.5251377591
58.541189483
58.5571503436
58.5729798899
58.589085347
58.6050794134
58.6211900023
58.6370838473
58.653223114
58.6689207424
58.6850044647
58.7010450193
58.7171694943
58.7332326893
58.7491277418
58.7650985641
58.7811122522
58.797013644
58.813187324
58.8290307565
58.8452150021
58.8611052246
58.8772767916
58.8932228604
58.9091109698
58.9250851127
58.9412473216
58.9571275824
58.973050709
58.9890973011
59.0052848672
59.0212200687
59.0368860006
59.0531040558
59.068868096
59.0850034383
59.1009649026
59.1170866607
59.1331030656
59.149123093
59.1650015426
59.1810674544
59.1972109473
59.2131389038
59.228994713
59.2453643078
59.2611980803
59.2771951655
59.2930977648
59.3094468322
59.3250792564
59.3411632806
59.3572282868
59.373279407
59.3890869167
59.4053430077
59.4211722522
59.4369471598
59.4532630214
59.4690294766
59.4851053502
59.5010834174
59.5170315993
59.5331663379
59.5489593578
59.5649498018
59.5812861906
59.5972712009
59.6131448205
59.629220996
59.6453234344
59.6612444478
59.6771340666
59.6932642772
59.710496923
59.7262129656
59.7421626569
59.7582373231
59.7742045229
59.7901508936
59.8062584637
59.8222018157
59.8381898447
59.8541063301
59.8700563232
59.8861328006
59.9021630916
59.9181112735
59.9504018817
59.9692981423
59.9820929729
59.9980302874
60.0141435931
60.030157583
60.0463840906
60.0621716768
60.0783100379
60.094194223
60.1102109298
60.1261802427
60.142221703
60.1582628614
60.1741473484
60.1902881244
60.2065230844
60.2221425281
60.2383605833
60.2542160906
60.2701431415
60.2861402266
60.3020977666
60.3182620886
60.3341311801
60.3501992051
60.3661398402
60.3821293786
60.3981397461
60.4142116954
60.4301801027
60.4463251049
60.462247024
60.4782652401
60.4943580186
60.5102379775
60.5262685704
60.542495078
60.5581896877
60.5741614156
60.5904042243
60.606390442
60.6222465531
60.6379942922
60.6543587552
60.6702160737
60.6860099992
60.7021737175
60.7182236302
60.7343532369
60.750094033
60.7661747366
60.7821591431
60.7980753266
60.8142535348
60.8303541619
60.8463352478
60.862193472
60.8781691242
60.8943953299
60.9103018536
60.9262808264
60.9422483281
60.9582161317
60.9742180467
60.9903238057
61.0062870812
61.0223228059
61.0380083594
61.0541252876
61.0702093118
61.0860690453
61.1020978269
61.1183430506
61.1342121421
61.1501491548
61.1663940766
61.1822157742
61.1982816861
61.2143140902
61.2303428719
61.2462931669
61.2622078411
61.2783643144
61.294423887
61.3102857336
61.3264153404
61.342472498
61.3583835497
61.3741660041
61.3904187745
61.4062437928
61.4223706827
61.4380055218
61.4542591979
61.4701020266
61.4862144267
61.502168646
61.5180513218
61.5342216813
61.5502386899
61.5663058093
61.5823053094
61.5983944654
61.6143248369
61.6303146771
61.6464877534
61.6622270401
61.6783678161
61.6943434684
61.71048998
61.7262866223
61.7422981973
61.7583333182
61.7742015042
61.790375788
61.8063454028
61.8223642227
61.8384301345
61.8541437622
61.8702000141
61.8860485784
61.9022862552
61.9183310361
61.934316952
61.9503092071
61.9662459179
61.9821841381
61.9981833363
62.0144469741
62.0305566574
62.0463219051
62.0624228341
62.0783855058
62.0943578375
62.1103829967
62.1263094438
62.1423113589
62.1582658801
62.174338735
62.1902878226
62.2064452015
62.2221977706
62.2381550087
62.2542815968
62.2701310666
62.2863962138
62.3022206283
62.3180175726
62.3344846719
62.350446438
62.3662331186
62.3822160157
62.3982604947
62.4142895782
62.4306012136
62.4463157469
62.4623611315
62.4784176853
62.4944624662
62.5103979695
62.526622364
62.5422925221
62.5582105168
62.5742936354
62.5903094366
62.6063243321
62.6222613448
62.6381585104
62.6541335589
62.6701052868
62.6862167813
62.7021915279
62.7183018149
62.734205018
62.7504049608
62.7660582141
62.7822789862
62.7982066408
62.8143788115
62.8302741659
62.8466534205
62.862242677
62.8784586191
62.8942546577
62.9101965003
62.926276902
62.9421710489
62.9582496394
62.9743345692
62.9903443329
63.006221575
63.0222337537
63.0381641252
63.054204378
63.070309835
63.0862169624
63.1021971427
63.1182603377
63.1343890389
63.1503788791
63.1661501642
63.1824053496
63.1982475746
63.2143219389
63.2304699598
63.2464111987
63.2624073782
63.2783132981
63.2943607958
63.3103892756
63.326442207
63.3423602017
63.3582640085
63.374330826
63.3904091146
63.4063717864
63.4222327274
63.438151024
63.4542392743
63.4701322138
63.4861821264
63.5022483402
63.5181101868
63.5343173746
63.5502933287
63.5662747165
63.5824254543
63.5984581603
63.6143677026
63.6303542222
63.6464485101
63.6623834096
63.6783089512
63.6942719248
63.710506281
63.7264170309
63.7422945748
63.7582524166
63.7743865515
63.7903812217
63.806316725
63.822330413
86.5275219415
86.5434779721
86.5595387522
86.5756689627
86.5914864342
86.6076311346
86.6234220413
86.6397046971
86.6555547707
86.6715298192
86.6876002591
86.7037060181
86.7194872649
86.7358284838
86.7516305598
86.7673879588
86.7832950862
86.7996154759
86.8154881899
86.8314614271
86.8476000901
86.8635932509
86.8793744978
86.8953631305
86.9115561303
86.927704755
86.9435004917
86.9595878365
86.9755541307
86.9914588431
87.0075335093
87.0237379802
87.0396327309
87.0556264954
87.0715405658
87.0875358397
87.1037620454
87.1194678244
87.1355675459
87.1515567824
87.1673540284
87.1833988093
87.1994903803
87.2153818103
87.2314812299
87.2474357511
87.2635107192
87.2792388366
87.2954952295
87.3116332887
87.3275416236
87.3435293507
87.3595608492
87.3756228367
87.3915821879
87.4075804805
87.4236228464
87.4395227288
87.455627884
87.4715836127
87.4876528452
87.5036719669
87.5196835419
87.5355456904
87.5516300164
87.567383793
87.5836462233
87.5994410544
87.6154731567
87.6313660961
87.6476892026
87.6633928685
87.6794639121
87.6954021323
87.7115359653
87.7275125231
87.7434927035
87.7596884201
87.775606113
87.791650592
87.8075202873
87.8237679259
87.839536796
87.8556932694
87.8717163155
87.88765846
87.9036437721
87.9197284
87.9357061654
87.9516676296
87.967499591
87.9837143256
87.9994901388
88.0154165859
88.0314480844
88.0476631209
88.0634576501
88.0793569288
88.0955994356
88.1114742627
88.1276313398
88.1436127276
88.1596164539
88.1755416936
88.1916812622
88.2076167655
88.2237623715
88.2396085208
88.2556436417
88.2718840354
88.2875943424
88.3036804797
88.3195758341
88.3355514863
88.3515367985
88.3674593213
88.383643265
88.3994196819
88.4154517842
88.431543657
88.4476026258
88.4633539874
88.4794313704
88.4956255777
88.5116359452
88.5276671418
88.5438136534
88.5596347474
88.5755427803
88.5916262008
88.6077250166
88.623620371
88.6413643875
88.6750399829
88.687315896
88.702873456
88.7185517647
88.7344649295
88.7505408031
88.7666308647
88.7826653819
88.798650694
88.8145119369
88.8304489496
88.8465079184
88.8625904332
88.8785392189
88.8946760706
88.9107703584
88.9267481237
88.9428487508
88.9587000319
88.9747140219
88.9908297426
89.0068165641
89.0228006687
89.0385586715
89.0548992866
89.0705948019
89.086582529
89.1028238283
89.1184979107
89.1345577852
89.1506019623
89.1666461394
89.1825834539
89.1986058963
89.2146914298
89.2306634596
89.2465431166
89.2625534841
89.2785919257
89.2948386587
89.3107385411
89.3266963829
89.3427813127
89.3588762042
89.3745723233
89.390662083
89.4066790917
89.4225819929
89.4390557334
89.4547726816
89.470731429
89.486637047
89.5025837196
89.518596502
89.534469216
89.5506794226
89.5666873751
89.5825845407
89.5986287178
89.6146780267
89.6307062046
89.6464741691
89.6626511698
89.6786165584
89.6946417176
89.710706422
89.7266959603
89.742767004
89.7585914185
89.7746150683
89.7906867158
89.8067665137
89.8226784711
89.8387428736
89.8548513493
89.8706978005
89.8867800134
89.9025564304
89.9185972869
89.9345729391
89.9506249649
89.9666277856
89.98246669
89.9985639965
90.014708395
90.0306242766
90.0466280029
90.0627461386
90.0786001366
90.0945785057
90.1106640392
90.1266484457
90.1426431158
90.1587866087
90.1747184896
90.1911807589
90.2066236077
90.2228981129
90.238744564
90.2547648933
90.2707755626
90.2868692467
90.3025913267
90.3186044111
90.3543085841
90.3664842758
90.3826329005
90.3988059768
90.4146669178
90.430510954
90.4468908124
90.4628906144
90.4786546546
90.4947586023
90.5106681446
90.5269130664
90.5428020815
90.5586603056
90.5747413111
90.5907456411
90.6069027182
90.6228342972
90.6387516882
90.6548260525
90.670897398
90.6869959121
90.7025272092
90.7185007483
90.7347474813
90.750771433
90.7664995505
90.7825642549
90.7987017103
90.8146637784
90.8306669009
90.8467337184
90.8626326952
90.8786409496
90.8949112286
90.9108977482
90.9267973288
90.9427292096
90.9588648539
90.9747659438
90.9907503503
91.0068564111
91.0227454262
91.0388366953
91.0548310636
91.070775623
91.086740106
91.1027827738
91.1185401728
91.1347567186
91.1507432382
91.166604783
91.1826580162
91.1986351778
91.2146911279
91.2305146369
91.2466140565
91.2631025887
91.2787682187
91.294776775
91.3108598935
91.3268515449
91.3427695397
95.9989277518
96.0150199265
96.0310662168
96.0468483693
96.0629785798
96.0789729481
96.0949875418
96.1111600143
96.1271244973
96.1429863439
96.1591639483
96.1750405866
96.191020767
96.2070761133
96.2229301113
96.2389003298
96.2549574874
96.2709539688
96.2869586007
96.3029405923
96.3188658319
96.334912424
96.3509460356
96.3669551956
96.3830609545
96.3989925335
96.4150339938
96.4310413425
96.4470828028
96.4630454746
96.4789308672
96.4950106651
96.5110738601
96.527469114
96.5431564788
96.5590630024
96.5751168394
96.5910284949
96.6070850487
96.6229861387
96.6388591545
96.6550334383
96.6708986055
96.6870378722
96.7029501314
96.718953254
96.7348537402
96.7509739889
96.7668965118
96.7829425001
96.798916643
96.8150100252
96.8311568386
96.8469477454
96.8630858046
96.8790188929
96.8950241286
96.910987706
96.9273536783
96.9430724377
96.9590311852
96.9752392786
96.9910938803
97.0070725512
97.0230626933
97.0389185025
97.0550384494
97.0710183278
97.0872538916
97.1030629107
97.1188764578
97.1349743681
97.1510704671
97.1668483934
97.1829701515
97.1989551618
97.2150470346
97.231285919
97.2470689771
97.2631360964
97.2791458602
97.2952326012
97.3111149751
97.327274769
97.3430653739
97.358968577
97.3752512327
97.391064478
97.4070820904
97.4230384228
97.4389992834
97.4550591578
97.4710393381
97.4868359804
97.5029888314
97.5190381403
97.5350977128
97.5510981186
97.5670867513
97.58303765
97.5990658279
97.6150076706
97.6310666394
97.6471114202
97.66314473
97.6790826482
97.6949689465
97.7112703182
97.7272181983
97.7430924216
97.7590970536
97.7751249296
97.7910432262
97.8070704985
97.8229447219
97.8389825597
97.8551701258
97.8709909179
97.8870193977
97.9030173884
97.9189673816
97.9350945734
97.9511040352
97.9669622594
97.9830653015
97.998972127
98.0151442977
98.0310508213
98.0470279829
98.0633009787
98.0791039604
98.0949166019
98.1111612218
98.1270982345
98.1431161487
98.1591714951
98.1752292564
98.1910687646
98.2071135454
98.223168288
98.2391306579
98.2550752174
98.2710632463
98.2870108245
98.3030761326
98.3190541999
98.3352176163
98.3510269372
98.367093151
98.3830497853
98.3990864156
98.4150022972
98.4313534778
98.4470785766
98.4631725625
98.4791243669
98.4953786467
98.5111810246
98.5271618086
98.5432156456
98.5591414891
98.5752713977
98.5911063778
98.6069673188
98.6230848507
98.6389491123
98.6553479886
98.6709903745
98.6871595265
98.7030524659
98.7189595933
98.7350738046
98.7511475651
98.7671419334
98.7831978835
98.7992861339
98.8152053361
98.8311438581
98.8472435796
98.8632014215
98.8790985871
98.8952894738
98.9111763758
98.9273757149
98.9430884369
98.9593049828
98.975200639
98.9910570519
99.007689275
99.0229914516
99.0390320062
99.0550339213
99.0710593824
99.0870407702
99.1032072053
99.1190110926
99.1352871071
99.1511752166
99.1672212049
99.1830863721
99.1992374118
99.2151541991
99.2312291671
99.2471948576
99.263050063
99.2791340872
99.295120003
99.3112607791
99.3271866225
99.3432860421
99.3590866088
99.3751416533
99.3910499881
99.4070205086
99.4231166076
99.4388924208
99.4552602043
99.4710734496
99.4872115088
99.5031907835
99.5190209336
99.5350101701
99.5512439226
99.5671163347
99.5831236835
99.5991817467
99.6151247968
99.6316404974
99.6472620542
99.6631130334
99.6790865726
99.6950643379
99.7112621677
99.7271475603
99.7431872093
99.759178257
99.7752423577
99.7910737152
99.8071661918
99.82305249
99.8392222458
99.8551646921
99.8710594428
99.8870583391
99.9029775414
99.919006323
99.9350480851
99.9512540655
99.9671811164
99.9832600087
99.9991755885
100.015226407
100.031142892
100.047349476
100.06320287
100.079473149
100.095238095
100.111348684
100.127394672
100.143131544
100.15899641
100.175068057
100.191133667
100.207093622
100.223100065
100.239156015
100.255179665
100.271175543
100.287344393
100.303107527
100.319021296
100.33506819
100.351217116
100.367155035
100.38322789
100.399237653
100.415220249
100.431194693
100.447652435
100.46327218
100.479341111
100.495474642
100.511282755
100.527378251
100.543317376
100.559350082
100.575223098
100.591028495
100.607279454
100.623246654
100.639115745
100.655325952
100.671233079
100.687318311
100.703296982
100.719122906
100.735273644
100.751247485
100.767271436
100.783557111
100.799222137
100.815404571
100.831333735
100.84735497
100.863335754
100.879388988
100.895467276
100.911526547
100.927245306
100.943276503
100.959181819
100.975246825
100.991175084
101.007235864
101.023195215
101.03919713
101.055120558
101.071242618
101.087139784
101.103233166
101.120496301
101.154438449
101.166591802
101.182341051
101.198227349
101.214382615
101.230235707
101.246469158
101.26236089
101.278535778
101.294362003
101.310410105
101.326366135
101.34234058
101.35809013
101.374337769
101.390147996
101.406548985
101.422132506
101.438060764
101.454279121
101.470081197
101.48617307
101.502395955
101.518342628
101.534275414
101.550357929
101.566349279
101.582290216
101.598330167
101.614330271
101.630373542
101.646417115
101.662488763
101.678268198
101.69435011
101.710325158
101.726246172
101.742351327
101.758057408
101.774197882
101.790199797
101.806110547
101.822313206
101.838263199
101.854247304
101.870158054
101.886033183
101.90228867
101.918136027
101.93439242
101.95038226
101.966462964
101.982257191
101.998670255
102.01444788
102.030297953
102.046303189
102.06235129
102.078241211
102.094347574
102.110437032
102.126398798
102.142138386
102.158060909
102.174190214
102.190278163
102.206146349
102.22217996
102.238243457
102.254433438
102.27014616
102.286188526
102.302240552
102.318442004
102.334368753
102.350376706
102.366323378
102.382277598
102.398635419
102.414306483
102.430406808
102.446424421
102.462276607
102.478228714
102.494569027
102.510315559
102.526330454
102.542192904
102.558361453
102.57435733
102.590214347
102.606265769
102.622303003
102.638270807
102.654227139
102.670191622
102.686228252
102.70228058
102.718286118
102.734564547
102.75042579
102.766201301
102.78246675
102.798446629
102.814290967
102.830304051
102.846344908
102.86238667
102.878445639
102.894447554
102.910336569
102.926344823
102.94223897
102.958309712
102.974284458
102.990286072
103.006275912
103.022181228
103.038305401
103.054319995
103.070253083
103.08639235
103.102300081
103.118257319
103.134430093
103.150464007
103.166474978
103.182360069
103.198340853
103.214401633
103.23047962
103.246393992
103.262500958
103.278445216
103.294375889
103.310378408
103.326284932
103.342317638
103.358210879
103.374363126
103.390253047
103.406384767
103.422313327
103.438289885
103.454520921
103.470137044
103.486223785
103.502263434
103.518501412
103.534347864
103.55051611
103.566425652
103.582316781
103.598369108
103.614384909
103.63032162
103.646396588
103.662348996
103.678551052
103.694524893
103.710416927
103.726419144
103.742350421
103.758320338
103.774274859
103.790215494
103.806329705
103.822254341
103.838359798
103.854350242
103.870227484
103.886354978
103.90235961
103.918357903
103.934447964
103.950586325
103.966315952
103.982573854
103.998407023
104.014390524
104.030311538
104.046423636
104.062449399
104.078396071
104.094429683
104.110405939
104.126400609
104.142292341
104.158405647
104.174447107
104.190280578
104.206447315
104.222402741
104.238161046
104.25435465
104.270277474
104.286389573
104.302372168
104.318387365
104.33466338
104.350546056
104.366582686
104.382411025
104.398577158
104.414303464
104.430399563
104.446343217
104.462368376
104.478437307
104.494521633
104.510384083
104.526421619
104.542262033
104.558253383
104.574511587
104.590251175
104.606368104
104.622322021
104.638373443
104.654398904
104.670332294
104.686476693
104.702493098
104.718401433
104.734531341
104.75051454
104.766356765
104.782561236
104.798444818
104.814458204
104.830498457
104.846463543
104.862304561
104.87845711
104.894384463
104.91038185
104.926170643
104.942339493
104.958444347
104.974442036
104.990211811
105.006342626
105.02244446
105.038259215
105.054414481
105.07030742
105.086360955
105.102500826
105.118592397
105.134718985
105.150950624
105.166414604
105.182585567
105.198528013
105.214430009
105.230470865
105.246561833
105.262476809
105.278520382
105.294599878
105.310329505
105.326494129
105.342312506
105.358359098
105.374418973
105.390510242
105.40634492
105.422324194
105.438282338
105.454660385
105.470366466
105.486384682
105.502672168
105.518523449
105.534697733
105.550613615
105.566520138
105.582601445
105.598456953
105.615039669
105.6304312
105.646620879
105.662368618
105.678519054
105.694510102
105.710476396
105.726232587
105.742297895
105.758477009
105.7744267
105.790349223
105.806378609
105.822345205
105.838310593
105.854734827
105.870443625
105.886486896
105.902630389
105.918524536
105.934888395
105.950649417
105.966502811
105.982820182
105.998646709
106.014673076
106.030507754
106.046695622
106.062373327
106.07857327
106.09438893
106.110359451
106.12641359
106.14247769
106.15859643
106.174263569
106.190347593
106.206520669
106.222489379
106.23835847
106.254487473
106.270445013
106.286517566
106.302540612
106.318630674
106.334561347
106.350597072
106.366805769
106.382942621
106.398610364
106.414608355
106.430554725
106.446584413
106.462487918
106.47854266
106.494506238
106.510420308
106.526423129
106.542435006
106.558337907
106.574529397
106.590342642
106.606300484
106.622510993
106.638479098
106.654491881
106.670474174
106.686573292
106.702648863
106.718582254
106.73468922
106.750540199
106.766530945
106.782761679
106.798637412
106.814525823
106.830611055
106.846587613
106.862530059
106.878513258
106.894871985
106.910347738
106.926539832
106.942471713
106.958523739
106.974341814
106.990378143
107.006509259
107.022330353
107.038472336
107.054559983
107.070487939
107.086536343
107.102531918
107.118561908
107.134850903
107.150614943
107.166479204
107.182706919
107.198593821
107.2144931
107.230863299
107.246525004
107.26269959
107.278535174
107.294649989
107.310466253
107.326409001
107.342408803
107.358585502
107.374281319
107.390499374
107.406455103
107.422539731
107.438417275
107.454687554
107.470576569
107.486641877
107.502622057
107.518539448
107.53465366
107.550610898
107.566553344
107.582542279
107.598705393
107.61458173
107.630597833
107.64672593
107.662502347
107.678502753
107.694497423
107.710532242
107.726448124
107.742558411
107.758516856
107.774422172
107.790635398
107.806542223
107.82234279
107.838560543
107.854973305
107.870575241
107.886558742
107.902597183
107.918519706
107.934575354
107.950724583
107.966652237
107.982803881
107.998690179
108.014521536
108.030661105
108.046803692
108.06254147
108.078588062
108.094543187
108.110484727
108.12652166
108.142465012
108.158645333
108.174412995
108.190412194
108.206723527
108.222525905
108.238517858
108.25467886
108.293210665
108.305333529
108.32062997
108.336657242
108.352779302
108.368574435
108.38462314
108.400712598
108.416538824
108.432639451
108.448831847
108.464606755
108.480777416
108.496811933
108.512476356
108.5283862
108.54448411
108.56075288
108.576643706
108.592474762
108.608507166
108.624656093
108.640623293
108.656602567
108.672577918
108.68861968
108.704662046
108.720617472
108.736809265
108.752712166
108.768570994
108.784578645
108.800723949
108.816625039
108.832685215
108.848922892
108.864747306
108.88065383
108.896621935
108.912776899
108.928633614
108.944570929
108.960621143
108.976726298
108.992668443
109.008632322
109.024676801
109.040571854
109.056602748
109.07257025
109.088627106
109.104562005
109.120635464
109.136716168
109.152837926
109.168696452
109.184639804
109.20073862
109.216671406
109.232701999
109.248720819
109.26477043
109.280561035
109.296586797
109.312673237
109.328668209
109.344479341
109.360493029
109.37661358
109.392560252
109.408468285
109.424542649
109.440597392
109.456625872
109.472612693
109.48854065
109.504787986
109.520571648
109.536716651
109.565964392
109.602476374
109.618509684
109.632636976
109.648698661
109.664766988
109.680614043
109.696468041
109.71255116
109.728471268
109.744802223
109.760556603
109.77654101
109.792577338
109.808518275
109.824571508
109.840509125
109.856641146
109.872713699
109.888564981
109.904771565
109.920749934
109.936625063
109.952978055
109.968596291
109.984679409
109.999832763
110.015710609
110.031617133
110.047635047
110.063778238
110.079609595
110.095477781
110.111570862
110.127798577
110.143547221
110.159614039
110.175661839
110.191623907
110.207535864
110.223416427
110.239616973
110.255762277
110.271850528
110.287663471
110.303993822
110.319794389
110.335820454
110.35198055
110.367659764
110.383687338
110.3997451
110.415884064
110.431754062
110.447750543
110.463821285
110.479438012
110.495637351
110.511584929
110.527777929
110.544135449
110.559613918
110.575620361
110.591651256
110.607569855
110.623566638
110.639557384
110.655704197
110.671782486
110.687689915
110.703853633
110.719668388
110.735771732
110.751873566
110.767890273
110.783699594
110.79973381
110.815901754
110.831772355
110.847698198
110.8636657
110.879650408
110.89545339
110.911584204
110.927674266
110.943519812
110.959602628
110.975475342
110.991615515
111.007574564
111.023676097
111.039620052
111.055651551
111.071804704
111.087789412
111.103734575
111.119712642
111.135790931
111.151831486
111.167637184
111.183799393
111.199829684
111.215669192
111.231858268
111.247753018
111.263992506
111.279557613
111.295668806
111.311661061
111.327531662
111.3437953
111.359559944
111.375698908
111.391709578
111.407670136
111.423813931
111.439709587
111.455688258
111.47185258
111.487690881
111.50380962
111.519762632
111.53563112
111.551775519
111.567807319
