118.712021179
126.319250037
142.636530076
150.210181136
157.993536079
165.918396653
174.490094621
196.53885009
204.442317509
219.741016906
227.584186893
244.753716536
251.977051917
266.825552307
295.166266741
319.894494664
328.667179442
342.259163612
356.031662438
366.855704796
391.543033693
411.973976777
443.497266425
450.75346689
470.523174032
476.224912949
481.949688094
495.863563654
503.268964393
509.543802855
528.128555451
541.353841812
547.702483024
552.703771702
590.081691795
612.4645239
617.208962189
622.893749953
637.849717526
642.345648784
647.171574805
652.794520172
657.391195386
677.323828786
681.91710405
723.547735001
740.16373738
744.833327246
750.568506005
755.435323807
760.304586447
770.948951835
780.676037184
785.986561999
791.225573438
795.288739833
799.737124305
813.641528423
822.591880629
827.680069249
836.96501338
841.240228273
851.75808609
