92.6616923683
100.070572751
116.315317589
131.838582483
139.549538367
155.829261674
163.09295483
169.891777239
178.428301428
195.12273119
203.636077574
224.691571364
232.019487457
239.780161168
247.815174654
272.639632686
281.430408474
304.478810757
312.831854125
321.136142929
338.000490839
379.042530327
384.528671369
392.004093344
425.503901204
433.409633848
454.038337064
461.192594549
466.874097374
481.632582233
494.167270455
520.727001731
528.185644015
546.512298597
597.604421476
629.123752413
643.961369218
648.712612842
653.677069878
672.973642306
689.023570235
710.116937418
714.726757217
726.553686349
732.826396333
786.941052829
791.919819362
796.72019549
819.094395349
827.754216129
837.778198416
842.866571779
856.306347551
860.530334969
873.849717224
