108.107183124
123.946031253
147.633803595
186.669425347
210.754511357
217.747351628
264.286606826
289.65603655
296.858348867
329.374397885
345.482968701
358.894718349
365.713761454
373.202663692
399.020376461
406.462674348
413.918749236
419.983552364
440.162613824
446.532222254
474.556451167
488.647745416
499.962889128
505.902891754
513.106203559
534.189877426
540.065146052
554.128961163
578.479182056
582.865991285
587.298188937
591.474214197
603.267915096
608.386952315
613.37900018
618.50046684
624.260300148
634.968464347
639.320077158
658.301037675
663.932210481
668.412631106
678.589756678
684.110075633
694.082000003
698.435567114
704.94785273
720.746040309
743.656346872
748.50571272
752.666140106
763.180985572
767.804454077
777.356704737
801.56700964
805.714880181
809.733092241
814.726952828
823.577770063
847.555018497
851.93874987
865.442832497
869.754171151
878.618448725
