92.4750546006
99.915368001
116.079999517
131.395636181
139.298973494
155.562641897
162.745823567
169.465105601
178.145616786
193.800150633
194.98425421
203.256595914
224.424363849
231.672791187
239.465025908
247.596339234
255.027736329
256.035660693
272.32443343
281.083806689
304.27573773
312.66108863
320.053306749
320.917366072
337.766133918
353.29668744
378.935734198
384.342040846
391.785289017
425.332737545
433.287062045
453.723899121
460.846171169
466.735433839
481.318041655
493.996500131
520.427569698
527.998867086
546.325707921
572.656786695
597.497749717
629.017035676
643.838694779
648.621903918
653.602051502
672.802910319
688.94856816
709.962419722
714.394611336
726.335085482
731.775218968
732.67125407
737.886494531
757.743274283
772.240884537
781.76238712
786.690474976
791.652688823
796.340995775
818.87591855
827.647244011
832.295455815
832.935413312
833.303429987
837.623649325
842.679907749
856.07135097
860.407530727
873.711062141
883.03946213
