255.343771631
268.383156363
277.967518388
278.991587841
283.922875415
299.379429499
300.339474236
305.923627368
311.187814188
312.211859492
317.078132523
322.10631493
322.970335723
326.554366598
330.746577797
334.922755573
339.529929469
344.890234718
345.853126674
351.182492555
352.174457732
368.322087841
372.258134968
373.201255771
379.115473307
395.08897955
426.917240442
436.095544276
446.00202795
446.993084503
473.305052819
478.345242332
479.36931088
487.657508592
488.425554041
503.611116595
504.651265054
514.572637769
529.909103286
537.941523317
542.454700917
561.242415488
566.472552491
572.104834569
573.896793406
584.76127002
609.584253956
619.520530805
623.312673782
626.368932942
630.625059581
638.833374236
648.437630577
653.638876085
657.690990293
