253.657794763
258.361813382
259.066157113
259.081927911
259.097996049
259.113895744
259.129960259
259.146050735
259.162145135
259.177904462
259.193942714
259.209960742
259.226063595
259.242004344
259.258133157
259.274360379
259.290185513
259.306119018
259.322060672
259.338287291
259.35422321
259.370242445
259.386079654
259.402107039
259.418118728
259.434227014
259.450224213
259.466113342
259.481951457
259.498136115
259.51402434
259.530071347
259.545944779
259.56211525
259.57782658
259.594208358
259.609967383
259.626152646
259.641953026
259.658370727
265.386505288
266.090314109
266.106584498
271.465685293
272.169501661
272.185605721
272.201461344
272.217339606
272.233462986
272.249486749
272.265628844
272.281612761
272.29739835
272.313532898
272.329635751
272.345509485
272.361763574
272.377518976
272.393672543
272.409441227
272.42548914
272.441509884
272.457674619
272.473549863
272.489575136
272.50544404
272.521299059
272.537316181
272.553662943
272.56942076
272.58559425
272.601448967
272.617522538
272.633459061
272.649595119
272.665593224
272.681666191
272.697546869
272.713608667
272.729594395
272.745570161
272.761589094
277.050046412
282.05782978
282.762041594
282.77819184
287.213189825
287.853204556
292.974371096
298.221582061
303.212923879
303.9166195
303.932641452
309.085846763
314.398512092
315.039054791
320.000548192
320.704573453
320.72075147
320.736390654
320.752705116
320.76844301
320.784717021
320.80036194
320.81653875
320.832557381
320.848437153
320.864424994
320.880418268
320.896180312
320.912220376
320.928287608
320.944330087
320.960226461
320.976262299
320.992254668
321.008257904
321.02420288
321.040447912
321.056536577
321.072354466
321.088405699
321.104580396
321.12045564
321.136543097
321.152455773
321.168478026
321.184566087
321.224345663
321.236460234
321.252701644
321.268556059
321.284617858
321.300523288
321.316458302
326.084806827
329.764745125
333.716925896
334.356826521
334.372961975
338.132834345
342.660322908
343.300346696
343.316227977
348.840426781
349.480529658
354.936769196
355.57656296
361.003907079
361.643921508
361.659936819
366.492230669
367.196334416
367.212184604
367.228243082
367.244252054
367.260347058
367.276090385
367.292185087
367.308232698
367.324314118
367.340186645
367.356539142
367.372228738
367.388206617
367.404201702
367.420191958
367.436202439
367.452101832
367.468064316
367.483993594
367.500085881
367.515963842
367.532079071
367.547945561
367.564370205
367.580148851
367.5963157
367.612113967
367.628171238
367.644253563
367.660485615
367.676156796
367.692527708
367.708418045
367.724477429
367.740159477
367.756242708
367.772178024
367.788183977
371.532395731
376.300505478
377.004426292
377.020466054
382.293905736
382.93370765
387.768974297
388.428020907
392.523140153
393.226998178
393.243020734
393.259138378
393.27511837
393.291139718
393.307251023
393.32317849
393.339135238
393.355568637
393.371281475
393.387173322
393.403202217
393.41927609
393.435145599
393.451142193
393.46715358
393.483255527
393.498984063
393.514990318
393.531147808
393.547221078
393.56314613
393.579132461
393.595110038
393.611092747
393.627057646
393.643070844
393.659404626
393.674991284
393.69127737
393.707300529
393.723140757
393.739247835
393.755379365
393.771189406
393.787259355
393.80319135
393.819333747
398.203358585
403.739944547
408.555736475
409.195639817
409.21174599
413.883845377
414.587873656
414.603842177
420.256131771
420.960263289
420.976137024
420.992101319
421.008198436
421.023967724
421.040140308
421.056220219
421.072242473
421.088154243
421.104393539
421.120269689
421.136387635
421.152198279
421.168292377
421.184228599
421.20033779
421.216237184
421.232286304
421.248201696
421.264268023
421.280204244
421.296051716
421.312270486
421.328065433
421.344161041
421.360216198
421.376016579
421.392093772
421.408261828
421.424070359
421.440046729
421.456306251
421.472110556
421.488118622
421.504208192
421.520342439
421.536277453
421.552298801
425.151584581
429.976507718
435.25787838
439.25792517
439.897811305
439.914068714
444.523850147
449.867422846
450.508198285
454.780538865
455.420640232
455.436528758
461.470805882
465.823002048
470.963205598
471.667021362
471.682967243
471.699084887
471.714989412
471.731168637
471.74715527
471.763159412
471.779069975
471.795273349
471.811180289
471.827144886
471.843267964
471.859321008
471.875180555
471.891093532
471.90723442
471.923214111
471.939706071
471.955187075
471.971189708
471.986987069
472.003140938
472.0190838
472.035188162
472.051139779
472.067470843
472.083063841
472.099391585
472.115137327
472.131253462
472.147189683
472.163233973
472.179083257
472.195209655
472.21121591
472.227230013
472.243388107
472.259211128
476.53239241
477.172205192
477.18806987
482.355520639
486.723738154
491.347998992
492.05217579
492.068142198
492.083878281
492.100000151
492.116332725
492.131984285
492.147780439
492.163805712
492.180045914
492.195743962
492.212186114
492.2278096
492.243945054
492.259761434
492.275950017
492.291771226
492.307811894
492.323791886
492.340089444
492.35600393
492.372017128
492.387853129
492.403957793
492.419875902
492.435896948
492.452079796
492.468092993
492.484082947
492.500035168
492.516290162
492.531993039
492.547756592
492.563853407
492.579823739
492.59578411
492.611843192
492.627685834
492.643878039
495.844917975
496.549053115
496.564941339
501.46130247
502.165184645
502.181130828
502.197118971
502.21333442
502.22942067
502.24525818
502.261223381
502.27744849
502.293472253
502.309337837
502.325340469
502.341257069
502.357304378
502.373182339
502.389318397
502.405383818
502.421336642
502.43736765
502.453511254
502.469179719
502.48526295
502.501382707
502.517319532
502.53336352
502.549168127
502.565352786
502.581183051
502.597136177
502.613484147
502.629196684
502.645209881
502.661444046
502.677361854
502.693475574
502.709342969
502.725474197
502.741294803
502.757217742
507.767388282
512.422778062
517.447004185
518.169817415
518.185996036
518.202081381
518.217985604
518.234045591
518.250090787
518.266018254
518.2819747
518.297762403
518.314131503
518.329954222
518.345926365
518.362101364
518.378047849
518.393972298
518.40998308
518.425888209
518.441895671
518.457882003
518.473861391
518.489924397
518.50586092
518.521730429
518.537796453
518.553895382
518.569952048
518.586057316
518.602069004
518.617925532
518.633938126
518.65002347
518.66595456
518.681945721
518.69797371
518.714256778
518.729949694
518.746034736
518.762051254
523.261222475
523.965273093
523.981389227
523.997000638
524.013191636
524.029002582
524.04501246
524.06111169
524.077093493
524.093028507
524.109065854
524.124972794
524.141217223
524.157055337
524.173094495
524.1890926
524.205222318
524.221172124
524.237214603
524.253220254
524.269309522
524.285063717
524.301402026
524.317157429
524.333132591
524.34904738
524.365270376
524.381149544
524.397024486
524.41311134
524.429008318
524.445029062
524.461162102
524.477021347
524.493065939
524.509129548
524.525007811
524.541043045
524.557206271
527.677346157
528.336152178
528.352184393
533.039456577
537.519601353
540.961085276
545.568946526
549.216262541
549.855946424
549.872098783
554.596270118
558.164520233
558.868678919
558.884669477
564.371880684
569.426744005
570.130722174
570.146959962
576.835081602
582.163680436
582.803285533
582.81961056
587.865627033
591.657592209
592.2976166
597.129847059
602.569325672
603.311149348
603.327266992
603.367000382
603.379167478
603.395155017
603.411255756
603.427223674
603.443335582
603.459166753
603.475269002
603.491208242
603.507273361
603.523188754
603.53930036
603.555269183
603.571240723
603.587248789
603.603131882
603.619129382
603.634955723
603.651020842
603.667354926
603.683219303
603.699281403
603.715415046
603.731205465
603.747180325
603.763307327
603.779563831
603.819403177
603.83117724
603.847193155
603.863149601
603.880824583
603.901450325
603.915434366
603.930038745
603.946161219
608.570542502
612.746546402
617.898652612
622.298853354
625.930859826
629.323462246
633.771404939
637.899246084
641.836473818
646.464019283
651.343970562
656.437115288
